Warp	 	1	1	1	1	1	1	1	12	29	12	29	12	29	12	29	0	0	0	17954	0	1	0	0|11012|7|23|15|0|0|0|0|0|0|0|0|201|
Warp	 	1	1	1	1	1	0	11012	7	23	7	23	7	23	7	23	0	0	0	0	0	1	0	1|1|12|29|15|0|0|0|0|0|0|0|0|215|
Warp	 	1	1	1	1	1	1	1	13	11	13	11	13	11	13	11	0	0	0	17955	0	1	0	1|2|28|19|15|0|0|0|0|0|0|0|0|0|
Warp	 	1	1	1	1	1	1	2	28	19	28	19	28	19	28	19	0	0	0	17954	0	1	0	1|1|13|11|15|0|0|0|0|0|0|0|0|0|
Warp	 	1	1	1	1	1	1	2	32	23	32	23	32	23	32	23	0	0	0	17955	0	1	0	1|3|30|22|15|0|0|0|0|0|0|0|0|0|
Warp	 	1	1	1	1	1	1	3	30	22	30	22	30	22	30	22	0	0	0	17954	0	1	0	1|2|32|23|15|0|0|0|0|0|0|0|0|0|
StandEnemy	液态史莱姆	1	1	1	1	1	1	3	30	26	30	26	30	26	30	26	1	1000	1	101501	0	1	0	3|||0|6001||||1|9003|
StandEnemy	液态史莱姆	1	1	1	1	1	1	3	33	23	33	23	33	23	33	23	1	1000	1	101501	0	1	0	3|||0|6001||||1|9004|
StandEnemy	液态史莱姆	1	1	1	1	1	1	3	32	26	32	26	32	26	32	26	1	1000	0	101501	0	1	0	3|||0|6001||||1|9004|
Warp	 	1	1	1	1	1	1	3	12	20	12	20	12	20	12	20	0	0	0	103012	0	1	0	0|11012|7|23|15|0|0|0|0|0|0|0|0|201|
Warp	 	1	1	1	1	1	0	11012	7	23	7	23	7	23	7	23	0	0	0	0	0	1	0	1|3|12|20|15|0|0|0|0|0|0|0|0|215|
Warp	 	1	2	2	1	1	1	4	42	18	42	18	42	18	42	18	0	0	0	103012	0	1	0	0|11017|16|10|15|0|0|0|0|0|0|0|0|210|
Warp	 	1	2	2	1	1	0	11017	16	10	16	10	16	10	16	10	0	0	0	103012	0	1	0	1|4|42|18|15|0|0|0|0|0|0|0|0|214|
Warp	 	1	2	2	1	1	1	4	43	18	43	18	43	18	43	18	0	0	0	13996	0	1	0	1|5|16|43|15|0|0|0|0|0|0|0|0|0|
Warp	 	1	2	2	1	1	1	5	16	43	16	43	16	43	16	43	0	0	0	13997	0	1	0	1|4|43|18|15|0|0|0|0|0|0|0|0|0|
Warp	 	1	2	2	1	1	1	5	19	82	19	82	19	82	19	82	0	0	0	13996	0	1	0	1|6|17|40|15|0|0|0|0|0|0|0|0|0|
Warp	 	1	2	2	1	1	1	6	17	40	17	40	17	40	17	40	0	0	0	13997	0	1	0	1|5|19|82|15|0|0|0|0|0|0|0|0|0|
Warp	 	1	2	2	1	1	1	6	11	56	11	56	11	56	11	56	0	0	0	13996	0	1	0	1|7|25|27|15|0|0|0|0|0|0|0|0|0|
Warp	 	1	2	2	1	1	1	7	25	27	25	27	25	27	25	27	0	0	0	13997	0	1	0	1|6|11|56|15|0|0|0|0|0|0|0|0|0|
Warp	 	1	2	2	1	1	1	7	39	34	39	34	39	34	39	34	0	0	0	13996	0	1	0	1|8|16|79|15|0|0|0|0|0|0|0|0|0|
Warp	 	1	2	2	1	1	1	8	16	79	16	79	16	79	16	79	0	0	0	13997	0	1	0	1|7|39|34|15|0|0|0|0|0|0|0|0|0|
Warp	 	1	2	2	1	1	1	8	65	27	65	27	65	27	65	27	0	0	0	13996	0	1	0	1|9|9|57|15|0|0|0|0|0|0|0|0|0|
Warp	 	1	2	2	1	1	1	9	9	57	9	57	9	57	9	57	0	0	0	13997	0	1	0	1|8|65|27|15|0|0|0|0|0|0|0|0|0|
Warp	 	1	2	2	1	1	1	9	37	71	37	71	37	71	37	71	0	0	0	13996	0	1	0	1|10|72|27|15|0|0|0|0|0|0|0|0|0|
Warp	 	1	2	2	1	1	1	10	72	27	72	27	72	27	72	27	0	0	0	13997	0	1	0	1|9|37|71|15|0|0|0|0|0|0|0|0|0|
Warp	 	1	2	2	1	1	1	10	50	37	50	37	50	37	50	37	0	0	0	13996	0	1	0	1|11|69|42|15|0|0|0|0|0|0|0|0|0|
Warp	 	1	2	2	1	1	1	11	69	42	69	42	69	42	69	42	0	0	0	13997	0	1	0	1|10|50|37|15|0|0|0|0|0|0|0|0|0|
Event	冒险者芝娜	1	2	2	1	1	1	11	69	35	69	35	69	35	69	35	1	1000	6	14011	0	1	0	EV_ijk_mino004.txt
Warp	 	1	2	2	1	1	1	11	40	38	40	38	40	38	40	38	0	0	0	13996	0	1	0	1|12|46|16|15|0|0|0|0|0|0|0|0|0|
Warp	 	1	2	2	1	1	1	12	46	16	46	16	46	16	46	16	0	0	0	13997	0	1	0	1|11|40|38|15|0|0|0|0|0|0|0|0|0|
Warp	 	1	2	2	1	1	1	12	19	10	19	10	19	10	19	10	0	0	0	13996	0	1	0	1|13|16|56|15|0|0|0|0|0|0|0|0|0|
Warp	 	1	2	2	1	1	1	13	16	56	16	56	16	56	16	56	0	0	0	13997	0	1	0	1|12|19|10|15|0|0|0|0|0|0|0|0|0|
StandEnemy	哥布林	1	2	2	1	1	1	13	11	28	11	28	11	28	11	28	1	60000	0	101800	0	1	0	3|||0|6004||||1|9010|5|1|||||||
StandEnemy	哥布林	1	2	2	1	1	1	13	19	52	19	52	19	52	19	52	1	60000	6	101800	0	1	0	3|||0|6003||||1|9009|5|1|||||||
Warp	 	1	2	2	1	1	1	13	16	11	16	11	16	11	16	11	0	0	0	13996	0	1	0	1|14|14|46|15|0|0|0|0|0|0|0|0|0|
Warp	 	1	2	2	1	1	1	14	14	46	14	46	14	46	14	46	0	0	0	13997	0	1	0	1|13|16|11|15|0|0|0|0|0|0|0|0|0|
Warp	 	1	2	2	1	1	1	14	16	64	16	64	16	64	16	64	0	0	0	13996	0	1	0	1|15|32|40|15|0|0|0|0|0|0|0|0|0|
Warp	 	1	2	2	1	1	1	15	32	40	32	40	32	40	32	40	0	0	0	13997	0	1	0	1|14|16|64|15|0|0|0|0|0|0|0|0|0|
Warp	 	1	2	2	1	1	1	15	22	40	22	40	22	40	22	40	0	0	0	13996	0	1	0	1|16|23|9|15|0|0|0|0|0|0|0|0|0|
Warp	 	1	2	2	1	1	1	16	23	9	23	9	23	9	23	9	0	0	0	13997	0	1	0	1|15|22|40|15|0|0|0|0|0|0|0|0|0|
StandEnemy	哥布林	1	2	2	1	1	1	16	12	26	12	26	12	26	12	26	1	60000	4	101800	0	1	0	3|||0|6004||||1|9009|5|1|||||||
Warp	 	1	2	2	1	1	1	16	18	26	18	26	18	26	18	26	0	0	0	13996	0	1	0	1|17|10|7|15|0|0|0|0|0|0|0|0|0|
Warp	 	1	2	2	1	1	1	17	10	7	10	7	10	7	10	7	0	0	0	13997	0	1	0	1|16|18|26|15|0|0|0|0|0|0|0|0|0|
StandEnemy	小鬼	1	2	2	1	1	1	17	11	19	11	19	11	19	11	19	1	60000	7	101800	0	1	0	3|||0|6003||||1|9009|5|1|||||||
Warp	 	1	2	2	1	1	1	17	27	43	27	43	27	43	27	43	0	0	0	13996	0	1	0	1|18|50|66|15|0|0|0|0|0|0|0|0|0|
Warp	 	1	2	2	1	1	1	18	50	66	50	66	50	66	50	66	0	0	0	13997	0	1	0	1|17|27|43|15|0|0|0|0|0|0|0|0|0|
Event	冒险者康正	1	2	2	1	1	1	18	35	69	35	69	35	69	35	69	1	1000	4	14116	0	1	0	EV_ijk_mino002.txt
Event	冒险者萨达米兹	1	2	2	1	1	1	18	12	41	12	41	12	41	12	41	1	1000	7	14103	0	1	0	EV_ijk_mino005.txt
Warp	 	1	2	2	1	1	1	18	64	43	64	43	64	43	64	43	0	0	0	13996	0	1	0	1|19|15|17|15|0|0|0|0|0|0|0|0|0|
Warp	 	1	2	2	1	1	1	19	15	17	15	17	15	17	15	17	0	0	0	13997	0	1	0	1|18|64|43|15|0|0|0|0|0|0|0|0|0|
Event	冒险者金德其	1	2	2	1	1	1	19	63	9	63	9	63	9	63	9	1	1000	6	14102	0	1	0	EV_ijk_mino003.txt
Warp	 	1	2	2	1	1	1	19	58	62	58	62	58	62	58	62	0	0	0	13996	0	1	0	0|11019|26|38|15|0|0|0|0|0|0|0|0|210|
Warp	 	1	2	2	1	1	0	11019	26	38	26	38	26	38	26	38	0	0	0	13997	0	1	0	1|19|58|62|15|0|0|0|0|0|0|0|0|214|
Warp	 	1	3	3	1	1	1	20	22	22	22	22	22	22	22	22	0	0	0	103012	0	1	0	0|1538|15|18|15|0|0|0|0|0|0|0|0|200|
Warp	 	1	3	3	1	1	0	1538	15	18	15	18	15	18	15	18	0	0	0	103012	0	1	0	1|20|22|22|15|0|0|0|0|0|0|0|0|214|
Warp	 	1	3	3	1	1	1	20	16	16	16	16	16	16	16	16	0	0	0	12002	0	1	0	1|21|23|28|15|0|0|0|0|0|0|0|0|0|
Warp	 	1	3	3	1	1	1	21	23	28	23	28	23	28	23	28	0	0	0	12000	0	1	0	1|20|16|16|15|0|0|0|0|0|0|0|0|0|
Warp	 	1	3	3	1	1	1	21	7	27	7	27	7	27	7	27	0	0	0	12002	0	1	0	1|22|14|32|15|0|0|0|0|0|0|0|0|0|
Warp	 	1	3	3	1	1	1	22	14	32	14	32	14	32	14	32	0	0	0	12000	0	1	0	1|21|7|27|15|0|0|0|0|0|0|0|0|0|
Event	士兵拉柏	1	3	3	1	1	1	22	25	13	25	13	25	13	25	13	1	60000	7	14059	0	1	0	EVE_6005.txt
TownPeople	调查员445	1	3	3	1	1	1	22	26	9	26	9	26	9	26	9	1	60000	3	14061	0	1	0	2093|2094|2095
Warp	 	1	3	3	1	1	1	22	25	9	25	9	25	9	25	9	0	0	0	12002	0	1	0	1|23|21|22|15|0|0|0|0|0|0|0|0|0|
Warp	 	1	3	3	1	1	1	23	21	22	21	22	21	22	21	22	0	0	0	12000	0	1	0	1|22|25|9|15|0|0|0|0|0|0|0|0|0|
Pilot	炼荤盔421	1	3	3	1	1	1	23	15	23	15	23	15	23	15	23	1	60000	5	14059	0	1	0	8024|8025|8026|15202|17600
Event	士兵依里诺	1	3	3	1	1	1	23	19	21	19	21	19	21	19	21	1	60000	5	14059	0	1	0	EVE_6004.txt
Warp	 	1	3	3	1	1	1	23	20	22	20	22	20	22	20	22	0	0	0	12002	0	1	0	1|24|32|20|15|0|0|0|0|0|0|0|0|0|
Warp	 	1	3	3	1	1	1	24	32	20	32	20	32	20	32	20	0	0	0	12000	0	1	0	1|23|20|22|15|0|0|0|0|0|0|0|0|0|
TownPeople	调查员612	1	3	3	1	1	1	24	8	28	8	28	8	28	8	28	1	60000	3	14062	0	1	0	2090|2091|2092
Warp	 	1	3	3	1	1	1	24	8	23	8	23	8	23	8	23	0	0	0	12002	0	1	0	1|25|18|27|15|0|0|0|0|0|0|0|0|0|
Warp	 	1	3	3	1	1	1	25	18	27	18	27	18	27	18	27	0	0	0	12000	0	1	0	1|24|8|23|15|0|0|0|0|0|0|0|0|0|
Warp	 	1	3	3	1	1	1	25	25	44	25	44	25	44	25	44	0	0	0	12002	0	1	0	1|26|35|36|15|0|0|0|0|0|0|0|0|0|
Warp	 	1	3	3	1	1	1	26	35	36	35	36	35	36	35	36	0	0	0	12000	0	1	0	1|25|25|44|15|0|0|0|0|0|0|0|0|0|
Warp	 	1	3	3	1	1	1	26	22	42	22	42	22	42	22	42	0	0	0	12002	0	1	0	1|27|8|45|15|0|0|0|0|0|0|0|0|0|
Warp	 	1	3	3	1	1	1	27	8	45	8	45	8	45	8	45	0	0	0	12000	0	1	0	1|26|22|42|15|0|0|0|0|0|0|0|0|0|
Warp	 	1	3	3	1	1	1	27	9	13	9	13	9	13	9	13	0	0	0	12002	0	1	0	1|28|40|13|15|0|0|0|0|0|0|0|0|0|
Warp	 	1	3	3	1	1	1	28	40	13	40	13	40	13	40	13	0	0	0	12000	0	1	0	1|27|9|13|15|0|0|0|0|0|0|0|0|0|
Warp	 	1	3	3	1	1	1	28	21	9	21	9	21	9	21	9	0	0	0	12002	0	1	0	1|29|19|35|15|0|0|0|0|0|0|0|0|0|
Warp	 	1	3	3	1	1	1	29	19	35	19	35	19	35	19	35	0	0	0	12000	0	1	0	1|28|21|9|15|0|0|0|0|0|0|0|0|0|
Event	士兵毕安札	1	3	3	1	1	1	29	18	31	18	31	18	31	18	31	1	60000	3	14060	0	1	0	EVE_6006.txt
BossBox	宝箱	1	3	3	1	1	1	30	5	5	5	5	5	5	5	5	1	60000	0	27899	0	1	0	2|0,1538,15,18|200|
Warp	 	1	3	3	1	1	1	31	10	19	10	19	10	19	10	19	0	0	0	12000	0	1	0	1|29|29|9|15|0|0|0|0|0|0|0|0|0|
Warp	 	1	3	3	1	1	1	29	29	9	29	9	29	9	29	9	0	0	0	12002	0	1	0	1|31|10|19|15|0|0|0|0|0|0|0|0|0|
StandEnemy	阴影	1	3	3	1	1	1	31	9	5	9	5	9	5	9	5	1	60000	4	101533	0	1	0	3|||0||6020|||0|9012|||||||||1,30,2,5|1|0|0,0|0|
Warp	 	1	3	3	1	1	1	31	12	7	12	7	12	7	12	7	0	0	0	103011	0	1	0	1|31|10|15|15|0|0|0|0|0|0|0|0|0|
Warp	 	1	3	3	1	1	1	31	10	15	10	15	10	15	10	15	0	0	0	103011	0	1	0	1|31|12|7|15|17600|1|1|0|0|0|0|0|0|
Warp	 	1	9	9	1	1	1	64	15	29	15	29	15	29	15	29	0	0	0	17967	0	1	0	1|65|29|34|15|0|0|0|0|0|0|0|0|0|
Warp	 	1	9	9	1	1	1	65	29	34	29	34	29	34	29	34	0	0	0	17966	0	1	0	1|64|15|29|15|0|0|0|0|0|0|0|0|0|
Warp	 	1	9	9	1	1	1	65	28	19	28	19	28	19	28	19	0	0	0	17967	0	1	0	1|32|25|14|15|0|0|0|0|0|0|0|0|0|
Warp	 	1	9	9	1	1	1	32	25	14	25	14	25	14	25	14	0	0	0	17966	0	1	0	1|65|28|19|15|0|0|0|0|0|0|0|0|0|
Warp	 	1	9	9	1	1	1	32	22	12	22	12	22	12	22	12	0	0	0	17967	0	1	0	1|33|36|9|15|0|0|0|0|0|0|0|0|0|
Warp	 	1	9	9	1	1	1	33	36	9	36	9	36	9	36	9	0	0	0	17966	0	1	0	1|32|22|12|15|0|0|0|0|0|0|0|0|0|
Warp	 	1	9	9	1	1	1	33	38	27	38	27	38	27	38	27	0	0	0	17967	0	1	0	1|34|32|29|15|0|0|0|0|0|0|0|0|0|
Warp	 	1	9	9	1	1	1	34	32	29	32	29	32	29	32	29	0	0	0	17966	0	1	0	1|33|38|27|15|0|0|0|0|0|0|0|0|0|
Warp	 	1	9	9	1	1	1	34	35	17	35	17	35	17	35	17	0	0	0	17967	0	1	0	1|35|35|21|15|0|0|0|0|0|0|0|0|0|
Warp	 	1	9	9	1	1	1	35	35	21	35	21	35	21	35	21	0	0	0	17966	0	1	0	1|34|35|17|15|0|0|0|0|0|0|0|0|0|
Warp	 	1	9	9	1	1	1	35	13	32	13	32	13	32	13	32	0	0	0	17967	0	1	0	1|66|37|32|15|0|0|0|0|0|0|0|0|0|
Warp	 	1	9	9	1	1	1	66	37	32	37	32	37	32	37	32	0	0	0	17966	0	1	0	1|35|13|32|15|0|0|0|0|0|0|0|0|0|
Warp	 	1	9	9	1	1	1	66	50	11	50	11	50	11	50	11	0	0	0	17967	0	1	0	1|67|48|11|15|0|0|0|0|0|0|0|0|0|
Warp	 	1	9	9	1	1	1	67	48	11	48	11	48	11	48	11	0	0	0	17966	0	1	0	1|66|50|11|15|0|0|0|0|0|0|0|0|0|
Warp	 	1	5	5	1	1	1	36	26	45	26	45	26	45	26	45	0	0	0	103012	0	1	0	0|15502|10|6|15|0|0|0|0|0|0|0|0|203|
Warp	 	1	5	5	1	1	0	15502	10	6	10	6	10	6	10	6	0	0	0	13271	0	1	0	1|36|26|45|15|0|0|0|0|0|0|0|0|215|
StandEnemy	改造的腐尸	1	5	5	1	1	1	36	24	68	24	68	24	68	24	68	1	60000	0	101103	0	1	0	3|||0|6000||||1|9028|
Warp	 	1	5	5	1	1	1	36	45	76	45	76	45	76	45	76	0	0	0	13271	0	1	0	1|37|51|36|15|0|0|0|0|0|0|0|0|0|
Warp	 	1	5	5	1	1	1	37	51	36	51	36	51	36	51	36	0	0	0	13270	0	1	0	1|36|45|76|15|0|0|0|0|0|0|0|0|0|
StandEnemy	改造的腐尸	1	5	5	1	1	1	37	23	19	23	19	23	19	23	19	1	60000	0	101103	0	1	0	3|||0|6000||||1|9031|
StandEnemy	改造的腐尸	1	5	5	1	1	1	37	25	37	25	37	25	37	25	37	1	60000	1	101103	0	1	0	3|||0|6000||||1|9031|
Warp	 	1	5	5	1	1	1	37	24	13	24	13	24	13	24	13	0	0	0	13271	0	1	0	1|38|15|14|15|0|0|0|0|0|0|0|0|0|
Warp	 	1	5	5	1	1	1	38	15	14	15	14	15	14	15	14	0	0	0	13270	0	1	0	1|37|24|13|15|0|0|0|0|0|0|0|0|0|
Warp	 	1	5	5	1	1	1	38	67	16	67	16	67	16	67	16	0	0	0	13271	0	1	0	1|39|20|36|15|0|0|0|0|0|0|0|0|0|
Warp	 	1	5	5	1	1	1	39	20	36	20	36	20	36	20	36	0	0	0	13270	0	1	0	1|38|67|16|15|0|0|0|0|0|0|0|0|0|
StandEnemy	改造的腐尸	1	5	5	1	1	1	39	40	38	40	38	40	38	40	38	1	60000	7	101103	0	1	0	3|||0|6000||||1|9030|
StandEnemy	改造的腐尸	1	5	5	1	1	1	39	40	34	40	34	40	34	40	34	1	60000	7	101103	0	1	0	3|||0|6000||||1|9031|
StandEnemy	改造的腐尸	1	5	5	1	1	1	39	39	39	39	39	39	39	39	39	1	60000	6	101103	0	1	0	3|||0|6000||||1|9031|
Warp	 	1	5	5	1	1	1	39	24	13	24	13	24	13	24	13	0	0	0	13271	0	1	0	1|40|17|6|15|0|0|0|0|0|0|0|0|0|
Warp	 	1	5	5	1	1	1	40	17	6	17	6	17	6	17	6	0	0	0	13270	0	1	0	1|39|24|13|15|0|0|0|0|0|0|0|0|0|
Warp	 	1	5	5	1	1	1	40	42	11	42	11	42	11	42	11	0	0	0	13271	0	1	0	1|41|42|11|15|0|0|0|0|0|0|0|0|0|
Warp	 	1	5	5	1	1	1	41	42	11	42	11	42	11	42	11	0	0	0	13270	0	1	0	1|40|42|11|15|0|0|0|0|0|0|0|0|0|
StandEnemy	改造的腐尸	1	5	5	1	1	1	41	40	21	40	21	40	21	40	21	1	60000	2	101103	0	1	0	3|||0|6000||||1|9029|
Warp	 	1	5	5	1	1	1	41	17	15	17	15	17	15	17	15	0	0	0	13271	0	1	0	1|42|28|56|15|0|0|0|0|0|0|0|0|0|
Warp	 	1	5	5	1	1	1	42	28	56	28	56	28	56	28	56	0	0	0	13270	0	1	0	1|41|17|15|15|0|0|0|0|0|0|0|0|0|
Warp	 	1	5	5	1	1	1	42	9	12	9	12	9	12	9	12	0	0	0	13271	0	1	0	1|43|60|16|15|0|0|0|0|0|0|0|0|0|
Warp	 	1	5	5	1	1	1	43	60	16	60	16	60	16	60	16	0	0	0	13270	0	1	0	1|42|9|12|15|0|0|0|0|0|0|0|0|0|
StandEnemy	改造的腐尸	1	5	5	1	1	1	43	19	46	19	46	19	46	19	46	1	60000	3	101103	0	1	0	3|||0|6000||||1|9031|
Warp	 	1	5	5	1	1	1	43	37	49	37	49	37	49	37	49	0	0	0	103012	0	1	0	0|15503|6|44|15|0|0|0|0|0|0|0|0|203|
Warp	 	1	5	5	1	1	0	15503	6	44	6	44	6	44	6	44	0	0	0	13274	0	1	0	1|43|37|49|15|0|0|0|0|0|0|0|0|215|
Warp	 	1	6	6	1	1	1	44	28	21	28	21	28	21	28	21	0	0	0	13270	0	1	0	0|666|73|2|15|0|0|0|0|0|0|0|0|214|
Warp	 	1	6	6	1	1	0	666	73	2	73	2	73	2	73	2	0	0	0	13271	0	1	0	1|44|28|21|15|0|0|0|0|0|0|0|0|214|
Warp	 	1	6	6	1	1	1	44	63	61	63	61	63	61	63	61	0	0	0	13271	0	1	0	1|45|19|26|15|0|0|0|0|0|0|0|0|0|
Warp	 	1	6	6	1	1	1	45	19	26	19	26	19	26	19	26	0	0	0	13270	0	1	0	1|44|63|61|15|0|0|0|0|0|0|0|0|0|
Warp	 	1	6	6	1	1	1	45	75	36	75	36	75	36	75	36	0	0	0	13271	0	1	0	1|46|67|41|15|0|0|0|0|0|0|0|0|0|
Warp	 	1	6	6	1	1	1	46	67	41	67	41	67	41	67	41	0	0	0	13270	0	1	0	1|45|75|36|15|0|0|0|0|0|0|0|0|0|
Warp	 	1	6	6	1	1	1	46	60	24	60	24	60	24	60	24	0	0	0	13271	0	1	0	1|47|18|62|15|0|0|0|0|0|0|0|0|0|
Warp	 	1	6	6	1	1	1	47	18	62	18	62	18	62	18	62	0	0	0	13270	0	1	0	1|46|60|24|15|0|0|0|0|0|0|0|0|0|
Warp	 	1	6	6	1	1	1	47	29	81	29	81	29	81	29	81	0	0	0	13271	0	1	0	1|48|36|44|15|0|0|0|0|0|0|0|0|0|
Warp	 	1	6	6	1	1	1	48	36	44	36	44	36	44	36	44	0	0	0	13270	0	1	0	1|47|29|81|15|0|0|0|0|0|0|0|0|0|
Warp	 	1	6	6	1	1	1	48	31	69	31	69	31	69	31	69	0	0	0	13271	0	1	0	0|666|73|4|15|0|0|0|0|0|0|0|0|214|
Warp	 	1	6	6	1	1	0	666	73	4	73	4	73	4	73	4	0	0	0	13270	0	1	0	1|48|31|69|15|0|0|0|0|0|0|0|0|214|
Warp	 	1	7	7	1	1	1	49	12	16	12	16	12	16	12	16	0	0	0	103012	0	1	0	0|1405|66|74|15|0|0|0|0|0|0|0|0|201|
Warp	 	1	7	7	1	1	0	1405	66	74	66	74	66	74	66	74	0	0	0	103012	0	1	0	1|49|12|16|15|0|0|0|0|0|0|0|0|214|
Warp	 	1	7	7	1	1	1	49	18	14	18	14	18	14	18	14	0	0	0	103012	0	1	0	0|1405|30|79|15|0|0|0|0|0|0|0|0|201|
Warp	 	1	7	7	1	1	0	1405	30	79	30	79	30	79	30	79	0	0	0	103012	0	1	0	1|49|18|14|15|0|0|0|0|0|0|0|0|214|
Warp	 	1	8	8	1	1	1	50	27	50	27	50	27	50	27	50	0	0	0	103012	0	1	0	0|100|603|307|15|0|0|0|0|0|0|0|0|210|
Warp	 	1	8	8	1	1	0	100	603	307	603	307	603	307	603	307	0	0	0	103012	0	1	0	1|50|27|50|15|0|0|0|0|0|0|0|0|213|
Warp	 	1	8	8	1	1	1	50	29	37	29	37	29	37	29	37	0	0	0	17977	0	1	0	1|51|13|17|15|0|0|0|0|0|0|0|0|0|
Warp	 	1	8	8	1	1	1	51	13	17	13	17	13	17	13	17	0	0	0	17976	0	1	0	1|50|29|37|15|0|0|0|0|0|0|0|0|0|
Warp	 	1	8	8	1	1	1	51	17	45	17	45	17	45	17	45	0	0	0	17977	0	1	0	1|52|12|19|15|0|0|0|0|0|0|0|0|0|
Warp	 	1	8	8	1	1	1	52	12	19	12	19	12	19	12	19	0	0	0	17976	0	1	0	1|51|17|45|15|0|0|0|0|0|0|0|0|0|
Warp	 	1	8	8	1	1	1	52	21	16	21	16	21	16	21	16	0	0	0	17977	0	1	0	1|53|18|32|15|0|0|0|0|0|0|0|0|0|
Warp	 	1	8	8	1	1	1	53	18	32	18	32	18	32	18	32	0	0	0	17976	0	1	0	1|52|21|16|15|0|0|0|0|0|0|0|0|0|
TownPeople	杂货商人努府	1	8	8	1	1	1	53	16	27	16	27	16	27	16	27	1	60000	3	14001	0	1	0	2348|2349
Warp	 	1	8	8	1	1	1	53	19	11	19	11	19	11	19	11	0	0	0	17977	0	1	0	1|54|27|25|15|0|0|0|0|0|0|0|0|0|
Warp	 	1	8	8	1	1	1	54	27	25	27	25	27	25	27	25	0	0	0	17976	0	1	0	1|53|19|11|15|0|0|0|0|0|0|0|0|0|
Warp	 	1	8	8	1	1	1	54	44	27	44	27	44	27	44	27	0	0	0	17977	0	1	0	1|55|10|19|15|0|0|0|0|0|0|0|0|0|
Warp	 	1	8	8	1	1	1	55	10	19	10	19	10	19	10	19	0	0	0	17976	0	1	0	1|54|44|27|15|0|0|0|0|0|0|0|0|0|
Warp	 	1	8	8	1	1	1	55	29	30	29	30	29	30	29	30	0	0	0	17977	0	1	0	1|56|30|11|15|0|0|0|0|0|0|0|0|0|
Warp	 	1	8	8	1	1	1	56	30	11	30	11	30	11	30	11	0	0	0	17976	0	1	0	1|55|29|30|15|0|0|0|0|0|0|0|0|0|
Warp	 	1	8	8	1	1	1	56	12	27	12	27	12	27	12	27	0	0	0	17977	0	1	0	1|57|23|13|15|0|0|0|0|0|0|0|0|0|
Warp	 	1	8	8	1	1	1	57	23	13	23	13	23	13	23	13	0	0	0	17976	0	1	0	1|56|12|27|15|0|0|0|0|0|0|0|0|0|
Warp	 	1	8	8	1	1	1	57	42	21	42	21	42	21	42	21	0	0	0	17977	0	1	0	1|58|47|47|15|0|0|0|0|0|0|0|0|0|
Warp	 	1	8	8	1	1	1	58	47	47	47	47	47	47	47	47	0	0	0	17976	0	1	0	1|57|42|21|15|0|0|0|0|0|0|0|0|0|
Warp	 	1	8	8	1	1	1	58	21	50	21	50	21	50	21	50	0	0	0	17977	0	1	0	1|59|62|20|15|0|0|0|0|0|0|0|0|0|
Warp	 	1	8	8	1	1	1	59	62	20	62	20	62	20	62	20	0	0	0	17976	0	1	0	1|58|21|50|15|0|0|0|0|0|0|0|0|0|
Event	旅行商人巴斯鲁	1	8	8	1	1	1	59	63	15	63	15	63	15	63	15	1	60000	0	14016	0	1	0	EV_ijk_6176.txt
Warp	 	1	8	8	1	1	1	59	56	30	56	30	56	30	56	30	0	0	0	17977	0	1	0	0|15521|10|19|15|0|0|0|0|0|0|0|0|210|
Warp	 	1	8	8	1	1	0	15521	10	19	10	19	10	19	10	19	0	0	0	17976	0	1	0	1|59|56|30|15|0|0|0|0|0|0|0|0|213|
Warp	 	1	9	9	1	1	1	60	25	47	25	47	25	47	25	47	0	0	0	103012	0	1	0	0|15542|10|8|15|0|0|0|0|0|0|0|0|0|
Warp	 	1	9	9	1	1	0	15542	10	8	10	8	10	8	10	8	0	0	0	103012	0	1	0	1|60|25|47|15|0|0|0|0|0|0|0|0|215|
Warp	 	1	9	9	1	1	1	60	10	23	10	23	10	23	10	23	0	0	0	17967	0	1	0	1|61|30|20|15|0|0|0|0|0|0|0|0|0|
Warp	 	1	9	9	1	1	1	61	30	20	30	20	30	20	30	20	0	0	0	17966	0	1	0	1|60|10|23|15|0|0|0|0|0|0|0|0|0|
Warp	 	1	9	9	1	1	1	61	17	32	17	32	17	32	17	32	0	0	0	17967	0	1	0	1|62|35|24|15|0|0|0|0|0|0|0|0|0|
Warp	 	1	9	9	1	1	1	62	35	24	35	24	35	24	35	24	0	0	0	17966	0	1	0	1|61|17|32|15|0|0|0|0|0|0|0|0|0|
Warp	 	1	9	9	1	1	1	62	41	11	41	11	41	11	41	11	0	0	0	17967	0	1	0	1|63|16|18|15|0|0|0|0|0|0|0|0|0|
Warp	 	1	9	9	1	1	1	63	16	18	16	18	16	18	16	18	0	0	0	17966	0	1	0	1|62|41|11|15|0|0|0|0|0|0|0|0|0|
Warp	 	1	9	9	1	1	1	63	17	29	17	29	17	29	17	29	0	0	0	17967	0	1	0	1|64|33|16|15|0|0|0|0|0|0|0|0|0|
Warp	 	1	9	9	1	1	1	64	33	16	33	16	33	16	33	16	0	0	0	17966	0	1	0	1|63|17|29|15|0|0|0|0|0|0|0|0|0|
Warp	 	1	9	9	1	1	1	67	18	28	18	28	18	28	18	28	0	0	0	17967	0	1	0	1|68|27|34|15|0|0|0|0|0|0|0|0|0|
Warp	 	1	9	9	1	1	1	68	27	34	27	34	27	34	27	34	0	0	0	17966	0	1	0	1|67|18|28|15|0|0|0|0|0|0|0|0|0|
Warp	 	1	9	9	1	1	1	68	44	20	44	20	44	20	44	20	0	0	0	17967	0	1	0	1|69|16|23|15|0|0|0|0|0|0|0|0|0|
Warp	 	1	9	9	1	1	1	69	16	23	16	23	16	23	16	23	0	0	0	17966	0	1	0	1|68|44|20|15|0|0|0|0|0|0|0|0|0|
Warp	 	1	9	9	1	1	1	69	26	21	26	21	26	21	26	21	0	0	0	17967	0	1	0	1|70|42|9|15|0|0|0|0|0|0|0|0|0|
Warp	 	1	9	9	1	1	1	70	42	9	42	9	42	9	42	9	0	0	0	17966	0	1	0	1|69|26|21|15|0|0|0|0|0|0|0|0|0|
Warp	 	1	9	9	1	1	1	70	15	31	15	31	15	31	15	31	0	0	0	17967	0	1	0	1|71|33|35|15|0|0|0|0|0|0|0|0|0|
Warp	 	1	9	9	1	1	1	71	33	35	33	35	33	35	33	35	0	0	0	17966	0	1	0	1|70|15|31|15|0|0|0|0|0|0|0|0|0|
Warp	 	1	9	9	1	1	1	71	14	22	14	22	14	22	14	22	0	0	0	17967	0	1	0	1|72|22|32|15|0|0|0|0|0|0|0|0|0|
Warp	 	1	9	9	1	1	1	72	22	32	22	32	22	32	22	32	0	0	0	17966	0	1	0	1|71|14|22|15|0|0|0|0|0|0|0|0|0|
Warp	 	1	9	9	1	1	1	72	9	12	9	12	9	12	9	12	0	0	0	17967	0	1	0	1|73|31|15|15|0|0|0|0|0|0|0|0|0|
Warp	 	1	9	9	1	1	1	73	31	15	31	15	31	15	31	15	0	0	0	17966	0	1	0	1|72|9|12|15|0|0|0|0|0|0|0|0|0|
Warp	 	1	9	9	1	1	1	73	20	40	20	40	20	40	20	40	0	0	0	17967	0	1	0	1|74|46|35|15|0|0|0|0|0|0|0|0|0|
Warp	 	1	9	9	1	1	1	74	46	35	46	35	46	35	46	35	0	0	0	17966	0	1	0	1|73|20|40|15|0|0|0|0|0|0|0|0|0|
Warp	 	1	9	9	1	1	1	74	24	33	24	33	24	33	24	33	0	0	0	103012	0	1	0	0|15543|6|5|15|0|0|0|0|0|0|0|0|0|
Warp	 	1	9	9	1	1	0	15543	6	5	6	5	6	5	6	5	0	0	0	103012	0	1	0	1|74|24|33|15|0|0|0|0|0|0|0|0|215|
Warp	 	1	10	10	1	1	1	75	47	49	47	49	47	49	47	49	0	0	0	103012	0	1	0	0|15543|14|22|15|0|0|0|0|0|0|0|0|0|
Warp	 	1	10	10	1	1	0	15543	14	22	14	22	14	22	14	22	0	0	0	103012	0	1	0	1|75|47|49|15|0|0|0|0|0|0|0|0|215|
Warp	 	1	10	10	1	1	1	75	37	20	37	20	37	20	37	20	0	0	0	17967	0	1	0	1|76|26|37|15|0|0|0|0|0|0|0|0|0|
Warp	 	1	10	10	1	1	1	76	26	37	26	37	26	37	26	37	0	0	0	17966	0	1	0	1|75|37|20|15|0|0|0|0|0|0|0|0|0|
Warp	 	1	10	10	1	1	1	76	8	44	8	44	8	44	8	44	0	0	0	17967	0	1	0	1|77|23|11|15|0|0|0|0|0|0|0|0|0|
Warp	 	1	10	10	1	1	1	77	23	11	23	11	23	11	23	11	0	0	0	17966	0	1	0	1|76|8|44|15|0|0|0|0|0|0|0|0|0|
Warp	 	1	10	10	1	1	1	77	20	24	20	24	20	24	20	24	0	0	0	17967	0	1	0	1|78|43|13|15|0|0|0|0|0|0|0|0|0|
Warp	 	1	10	10	1	1	1	78	43	13	43	13	43	13	43	13	0	0	0	17966	0	1	0	1|77|20|24|15|0|0|0|0|0|0|0|0|0|
Warp	 	1	10	10	1	1	1	78	40	45	40	45	40	45	40	45	0	0	0	17967	0	1	0	1|79|36|43|15|0|0|0|0|0|0|0|0|0|
Warp	 	1	10	10	1	1	1	79	36	43	36	43	36	43	36	43	0	0	0	17966	0	1	0	1|78|40|45|15|0|0|0|0|0|0|0|0|0|
Warp	 	1	10	10	1	1	1	79	29	23	29	23	29	23	29	23	0	0	0	17967	0	1	0	1|80|47|11|15|0|0|0|0|0|0|0|0|0|
Warp	 	1	10	10	1	1	1	80	47	11	47	11	47	11	47	11	0	0	0	17966	0	1	0	1|79|29|23|15|0|0|0|0|0|0|0|0|0|
Warp	 	1	10	10	1	1	1	80	50	23	50	23	50	23	50	23	0	0	0	17967	0	1	0	1|81|35|31|15|0|0|0|0|0|0|0|0|0|
Warp	 	1	10	10	1	1	1	81	35	31	35	31	35	31	35	31	0	0	0	17966	0	1	0	1|80|50|23|15|0|0|0|0|0|0|0|0|0|
Warp	 	1	10	10	1	1	1	81	41	10	41	10	41	10	41	10	0	0	0	17967	0	1	0	1|82|29|29|15|0|0|0|0|0|0|0|0|0|
Warp	 	1	10	10	1	1	1	82	29	29	29	29	29	29	29	29	0	0	0	17966	0	1	0	1|81|41|10|15|0|0|0|0|0|0|0|0|0|
Warp	 	1	10	10	1	1	1	82	18	50	18	50	18	50	18	50	0	0	0	17967	0	1	0	1|83|37|42|15|0|0|0|0|0|0|0|0|0|
Warp	 	1	10	10	1	1	1	83	37	42	37	42	37	42	37	42	0	0	0	17966	0	1	0	1|82|18|50|15|0|0|0|0|0|0|0|0|0|
Warp	 	1	10	10	1	1	1	83	23	6	23	6	23	6	23	6	0	0	0	103012	0	1	0	0|15544|22|48|15|0|0|0|0|0|0|0|0|0|
Warp	 	1	10	10	1	1	0	15544	22	48	22	48	22	48	22	48	0	0	0	103012	0	1	0	1|83|23|6|15|0|0|0|0|0|0|0|0|215|
Warp	 	1	11	11	1	1	1	84	33	27	33	27	33	27	33	27	0	0	0	103012	0	1	0	0|15543|12|10|15|0|0|0|0|0|0|0|0|0|
Warp	 	1	11	11	1	1	0	15543	12	10	12	10	12	10	12	10	0	0	0	103012	0	1	0	1|84|33|27|15|0|0|0|0|0|0|0|0|215|
Warp	 	1	11	11	1	1	1	84	24	8	24	8	24	8	24	8	0	0	0	17967	0	1	0	1|85|18|10|15|0|0|0|0|0|0|0|0|0|
Warp	 	1	11	11	1	1	1	85	18	10	18	10	18	10	18	10	0	0	0	17966	0	1	0	1|84|24|8|15|0|0|0|0|0|0|0|0|0|
Warp	 	1	11	11	1	1	1	85	34	21	34	21	34	21	34	21	0	0	0	17967	0	1	0	1|86|10|24|15|0|0|0|0|0|0|0|0|0|
Warp	 	1	11	11	1	1	1	86	10	24	10	24	10	24	10	24	0	0	0	17966	0	1	0	1|85|34|21|15|0|0|0|0|0|0|0|0|0|
Warp	 	1	11	11	1	1	1	86	29	37	29	37	29	37	29	37	0	0	0	17967	0	1	0	1|87|29|6|15|0|0|0|0|0|0|0|0|0|
Warp	 	1	11	11	1	1	1	87	29	6	29	6	29	6	29	6	0	0	0	17966	0	1	0	1|86|29|37|15|0|0|0|0|0|0|0|0|0|
Warp	 	1	11	11	1	1	1	87	35	43	35	43	35	43	35	43	0	0	0	17967	0	1	0	1|88|37|11|15|0|0|0|0|0|0|0|0|0|
Warp	 	1	11	11	1	1	1	88	37	11	37	11	37	11	37	11	0	0	0	17966	0	1	0	1|87|35|43|15|0|0|0|0|0|0|0|0|0|
Warp	 	1	11	11	1	1	1	88	38	42	38	42	38	42	38	42	0	0	0	17967	0	1	0	1|89|15|33|15|0|0|0|0|0|0|0|0|0|
Warp	 	1	11	11	1	1	1	89	15	33	15	33	15	33	15	33	0	0	0	17966	0	1	0	1|88|38|42|15|0|0|0|0|0|0|0|0|0|
Warp	 	1	11	11	1	1	1	89	21	23	21	23	21	23	21	23	0	0	0	17967	0	1	0	1|90|19|35|15|0|0|0|0|0|0|0|0|0|
Warp	 	1	11	11	1	1	1	90	19	35	19	35	19	35	19	35	0	0	0	17966	0	1	0	1|89|21|23|15|0|0|0|0|0|0|0|0|0|
Warp	 	1	11	11	1	1	1	90	28	14	28	14	28	14	28	14	0	0	0	17967	0	1	0	1|91|41|37|15|0|0|0|0|0|0|0|0|0|
Warp	 	1	11	11	1	1	1	91	41	37	41	37	41	37	41	37	0	0	0	17966	0	1	0	1|90|28|14|15|0|0|0|0|0|0|0|0|0|
Warp	 	1	11	11	1	1	1	91	23	16	23	16	23	16	23	16	0	0	0	17967	0	1	0	1|92|17|16|15|0|0|0|0|0|0|0|0|0|
Warp	 	1	11	11	1	1	1	92	17	16	17	16	17	16	17	16	0	0	0	17966	0	1	0	1|91|23|16|15|0|0|0|0|0|0|0|0|0|
Warp	 	1	11	11	1	1	1	92	42	39	42	39	42	39	42	39	0	0	0	103012	0	1	0	0|15546|22|48|15|0|0|0|0|0|0|0|0|0|
Warp	 	1	11	11	1	1	0	15546	22	48	22	48	22	48	22	48	0	0	0	103012	0	1	0	1|92|42|39|15|0|0|0|0|0|0|0|0|215|
Warp	 	1	12	12	1	1	1	93	16	6	16	6	16	6	16	6	0	0	0	103012	0	1	0	0|15543|9|15|15|0|0|0|0|0|0|0|0|0|
Warp	 	1	12	12	1	1	0	15543	9	15	9	15	9	15	9	15	0	0	0	103012	0	1	0	1|93|16|6|15|0|0|0|0|0|0|0|0|215|
Warp	 	1	12	12	1	1	1	93	32	8	32	8	32	8	32	8	0	0	0	17967	0	1	0	1|94|21|16|15|0|0|0|0|0|0|0|0|0|
Warp	 	1	12	12	1	1	1	94	21	16	21	16	21	16	21	16	0	0	0	17966	0	1	0	1|93|32|8|15|0|0|0|0|0|0|0|0|0|
Warp	 	1	12	12	1	1	1	94	10	38	10	38	10	38	10	38	0	0	0	17967	0	1	0	1|95|36|10|15|0|0|0|0|0|0|0|0|0|
Warp	 	1	12	12	1	1	1	95	36	10	36	10	36	10	36	10	0	0	0	17966	0	1	0	1|94|10|38|15|0|0|0|0|0|0|0|0|0|
Warp	 	1	12	12	1	1	1	95	23	43	23	43	23	43	23	43	0	0	0	17967	0	1	0	1|96|9|24|15|0|0|0|0|0|0|0|0|0|
Warp	 	1	12	12	1	1	1	96	9	24	9	24	9	24	9	24	0	0	0	17966	0	1	0	1|95|23|43|15|0|0|0|0|0|0|0|0|0|
Warp	 	1	12	12	1	1	1	96	25	23	25	23	25	23	25	23	0	0	0	17967	0	1	0	1|97|13|32|15|0|0|0|0|0|0|0|0|0|
Warp	 	1	12	12	1	1	1	97	13	32	13	32	13	32	13	32	0	0	0	17966	0	1	0	1|96|25|23|15|0|0|0|0|0|0|0|0|0|
Warp	 	1	12	12	1	1	1	97	22	11	22	11	22	11	22	11	0	0	0	17967	0	1	0	1|98|48|13|15|0|0|0|0|0|0|0|0|0|
Warp	 	1	12	12	1	1	1	98	48	13	48	13	48	13	48	13	0	0	0	17966	0	1	0	1|97|22|11|15|0|0|0|0|0|0|0|0|0|
Warp	 	1	12	12	1	1	1	98	38	42	38	42	38	42	38	42	0	0	0	17967	0	1	0	1|99|41|25|15|0|0|0|0|0|0|0|0|0|
Warp	 	1	12	12	1	1	1	99	41	25	41	25	41	25	41	25	0	0	0	17966	0	1	0	1|98|38|42|15|0|0|0|0|0|0|0|0|0|
Warp	 	1	12	12	1	1	1	99	19	41	19	41	19	41	19	41	0	0	0	17967	0	1	0	1|100|27|26|15|0|0|0|0|0|0|0|0|0|
Warp	 	1	12	12	1	1	1	100	27	26	27	26	27	26	27	26	0	0	0	17966	0	1	0	1|99|19|41|15|0|0|0|0|0|0|0|0|0|
Warp	 	1	12	12	1	1	1	100	43	25	43	25	43	25	43	25	0	0	0	17967	0	1	0	1|101|18|10|15|0|0|0|0|0|0|0|0|0|
Warp	 	1	12	12	1	1	1	101	18	10	18	10	18	10	18	10	0	0	0	17966	0	1	0	1|100|43|25|15|0|0|0|0|0|0|0|0|0|
Warp	 	1	12	12	1	1	1	101	25	23	25	23	25	23	25	23	0	0	0	103012	0	1	0	0|15547|22|48|15|0|0|0|0|0|0|0|0|0|
Warp	 	1	12	12	1	1	0	15547	22	48	22	48	22	48	22	48	0	0	0	103012	0	1	0	1|101|25|23|15|0|0|0|0|0|0|0|0|215|
Warp	 	1	13	13	1	1	1	102	25	30	25	30	25	30	25	30	0	0	0	103012	0	1	0	0|11034|6|5|15|0|0|0|0|0|0|0|0|0|
Warp	 	1	13	13	1	1	0	11034	6	5	6	5	6	5	6	5	0	0	0	103012	0	1	0	1|102|25|30|15|0|0|0|0|0|0|0|0|215|
Warp	 	1	13	13	1	1	1	102	24	10	24	10	24	10	24	10	0	0	0	17970	0	1	0	1|103|12|21|15|0|0|0|0|0|0|0|0|0|
Warp	 	1	13	13	1	1	1	103	12	21	12	21	12	21	12	21	0	0	0	17971	0	1	0	1|102|24|10|15|0|0|0|0|0|0|0|0|0|
Warp	 	1	13	13	1	1	1	103	18	42	18	42	18	42	18	42	0	0	0	17970	0	1	0	1|104|30|10|15|0|0|0|0|0|0|0|0|0|
Warp	 	1	13	13	1	1	1	104	30	10	30	10	30	10	30	10	0	0	0	17971	0	1	0	1|103|18|42|15|0|0|0|0|0|0|0|0|0|
Warp	 	1	13	13	1	1	1	104	28	23	28	23	28	23	28	23	0	0	0	17970	0	1	0	1|105|14|25|15|0|0|0|0|0|0|0|0|0|
Warp	 	1	13	13	1	1	1	105	14	25	14	25	14	25	14	25	0	0	0	17971	0	1	0	1|104|28|23|15|0|0|0|0|0|0|0|0|0|
Warp	 	1	13	13	1	1	1	105	15	43	15	43	15	43	15	43	0	0	0	103012	0	1	0	0|11037|6|5|15|0|0|0|0|0|0|0|0|0|
Warp	 	1	13	13	1	1	0	11037	6	5	6	5	6	5	6	5	0	0	0	103012	0	1	0	1|105|15|43|15|0|0|0|0|0|0|0|0|215|
Warp	 	1	14	14	1	1	1	106	34	25	34	25	34	25	34	25	0	0	0	103012	0	1	0	0|11034|26|49|15|0|0|0|0|0|0|0|0|0|
Warp	 	1	14	14	1	1	0	11034	26	49	26	49	26	49	26	49	0	0	0	103012	0	1	0	1|106|34|25|15|0|0|0|0|0|0|0|0|215|
Warp	 	1	14	14	1	1	1	106	13	23	13	23	13	23	13	23	0	0	0	17970	0	1	0	1|107|27|17|15|0|0|0|0|0|0|0|0|0|
Warp	 	1	14	14	1	1	1	107	27	17	27	17	27	17	27	17	0	0	0	17971	0	1	0	1|106|13|23|15|0|0|0|0|0|0|0|0|0|
Warp	 	1	14	14	1	1	1	107	21	45	21	45	21	45	21	45	0	0	0	17970	0	1	0	1|108|12|20|15|0|0|0|0|0|0|0|0|0|
Warp	 	1	14	14	1	1	1	108	12	20	12	20	12	20	12	20	0	0	0	17971	0	1	0	1|107|21|45|15|0|0|0|0|0|0|0|0|0|
Warp	 	1	14	14	1	1	1	108	30	25	30	25	30	25	30	25	0	0	0	17970	0	1	0	1|109|12|23|15|0|0|0|0|0|0|0|0|0|
Warp	 	1	14	14	1	1	1	109	12	23	12	23	12	23	12	23	0	0	0	17971	0	1	0	1|108|30|25|15|0|0|0|0|0|0|0|0|0|
Warp	 	1	14	14	1	1	1	109	27	30	27	30	27	30	27	30	0	0	0	103012	0	1	0	0|11037|26|49|15|0|0|0|0|0|0|0|0|0|
Warp	 	1	14	14	1	1	0	11037	26	49	26	49	26	49	26	49	0	0	0	103012	0	1	0	1|109|27|30|15|0|0|0|0|0|0|0|0|215|
Warp	 	1	15	15	1	1	1	110	37	37	37	37	37	37	37	37	0	0	0	103012	0	1	0	0|11034|18|73|15|0|0|0|0|0|0|0|0|0|
Warp	 	1	15	15	1	1	0	11034	18	73	18	73	18	73	18	73	0	0	0	103012	0	1	0	1|110|37|37|15|0|0|0|0|0|0|0|0|215|
Warp	 	1	15	15	1	1	1	110	16	22	16	22	16	22	16	22	0	0	0	17970	0	1	0	1|111|46|37|15|0|0|0|0|0|0|0|0|0|
Warp	 	1	15	15	1	1	1	111	46	37	46	37	46	37	46	37	0	0	0	17971	0	1	0	1|110|16|22|15|0|0|0|0|0|0|0|0|0|
Warp	 	1	15	15	1	1	1	111	42	20	42	20	42	20	42	20	0	0	0	17970	0	1	0	1|112|29|20|15|0|0|0|0|0|0|0|0|0|
Warp	 	1	15	15	1	1	1	112	29	20	29	20	29	20	29	20	0	0	0	17971	0	1	0	1|111|42|20|15|0|0|0|0|0|0|0|0|0|
Warp	 	1	15	15	1	1	1	112	27	37	27	37	27	37	27	37	0	0	0	103012	0	1	0	0|11036|18|73|15|0|0|0|0|0|0|0|0|0|
Warp	 	1	15	15	1	1	0	11036	18	73	18	73	18	73	18	73	0	0	0	103012	0	1	0	1|112|27|37|15|0|0|0|0|0|0|0|0|215|
Warp	 	1	101	16	1	1	1	113	60	35	60	35	60	35	60	35	0	0	0	103012	0	1	0	0|100|279|141|15|0|0|0|0|0|0|0|0|210|
Warp	 	1	101	16	1	1	0	100	279	141	279	141	279	141	279	141	0	0	0	103012	0	1	0	1|113|60|35|15|0|0|0|0|0|0|0|0|215|
Event	无照护士米内帕鲁	1	101	16	1	1	1	113	14	68	14	68	14	68	14	68	1	1000	4	14096	0	1	0	EV_ijk_s442.txt
StandEnemy	腐尸	1	101	16	1	1	1	113	19	64	19	64	19	64	19	64	1	1000	4	101103	0	1	0	3|||0|6000||||1|9002|
Warp	 	1	101	16	1	1	1	113	46	56	46	56	46	56	46	56	0	0	0	13271	0	1	0	1|114|28|73|15|0|0|0|0|0|0|0|0|0|
Warp	 	1	101	16	1	1	1	114	28	73	28	73	28	73	28	73	0	0	0	13270	0	1	0	1|113|46|56|15|0|0|0|0|0|0|0|0|0|
Event	庸医奈比尔	1	101	16	1	1	1	114	15	43	15	43	15	43	15	43	1	1000	2	14104	0	1	0	EV_ijk_s440.txt
StandEnemy	腐尸	1	101	16	1	1	1	114	17	43	17	43	17	43	17	43	1	1000	0	101103	0	1	0	3|||0|6000||||1|9000|
StandEnemy	腐尸	1	101	16	1	1	1	114	82	38	82	38	82	38	82	38	1	1000	7	101103	0	1	0	3|||0|6000||||1|9001|
Warp	 	1	101	16	1	1	1	114	71	13	71	13	71	13	71	13	0	0	0	13271	0	1	0	0|15500|15|4|15|0|0|0|0|0|0|0|0|210|
Warp	 	1	101	16	1	1	0	15500	15	4	15	4	15	4	15	4	0	0	0	13270	0	1	0	1|114|71|13|15|0|0|0|0|0|0|0|0|215|
Warp	 	1	102	17	1	1	1	115	54	48	54	48	54	48	54	48	0	0	0	103012	0	1	0	0|100|648|153|15|0|0|0|0|0|0|0|0|210|
Warp	 	1	102	17	1	1	0	100	648	153	648	153	648	153	648	153	0	0	0	103012	0	1	0	1|115|54|48|15|0|0|0|0|0|0|0|0|215|
TownPeople	矿工 滚醋	1	102	17	1	1	1	115	51	50	51	50	51	50	51	50	1	60000	3	14005	0	1	0	2149|2150
TownPeople	调查员387	1	102	17	1	1	1	115	17	50	17	50	17	50	17	50	1	60000	4	14076	0	1	0	2153|2154
Warp	 	1	102	17	1	1	1	115	12	45	12	45	12	45	12	45	0	0	0	17973	0	1	0	1|116|17|39|15|0|0|0|0|0|0|0|0|0|
Warp	 	1	102	17	1	1	1	116	17	39	17	39	17	39	17	39	0	0	0	17972	0	1	0	1|115|12|45|15|0|0|0|0|0|0|0|0|0|
TownPeople	猎人 忱	1	102	17	1	1	1	116	18	40	18	40	18	40	18	40	1	60000	0	14103	0	1	0	2151|2152
Warp	 	1	102	17	1	1	1	116	14	11	14	11	14	11	14	11	0	0	0	17973	0	1	0	1|117|11|23|15|0|0|0|0|0|0|0|0|0|
Warp	 	1	102	17	1	1	1	117	11	23	11	23	11	23	11	23	0	0	0	17972	0	1	0	1|116|14|11|15|0|0|0|0|0|0|0|0|0|
Warp	 	1	102	17	1	1	1	117	34	27	34	27	34	27	34	27	0	0	0	17973	0	1	0	1|118|37|13|15|0|0|0|0|0|0|0|0|0|
Warp	 	1	102	17	1	1	1	118	37	13	37	13	37	13	37	13	0	0	0	17972	0	1	0	1|117|34|27|15|0|0|0|0|0|0|0|0|0|
Warp	 	1	102	17	1	1	1	118	33	37	33	37	33	37	33	37	0	0	0	17973	0	1	0	1|119|42|55|15|0|0|0|0|0|0|0|0|0|
Warp	 	1	102	17	1	1	1	119	42	55	42	55	42	55	42	55	0	0	0	17972	0	1	0	1|118|33|37|15|0|0|0|0|0|0|0|0|0|
Warp	 	1	102	17	1	1	1	119	29	18	29	18	29	18	29	18	0	0	0	17973	0	1	0	1|120|22|30|15|0|0|0|0|0|0|0|0|0|
Warp	 	1	102	17	1	1	1	120	22	30	22	30	22	30	22	30	0	0	0	17972	0	1	0	1|119|29|18|15|0|0|0|0|0|0|0|0|0|
Warp	 	1	102	17	1	1	1	120	43	42	43	42	43	42	43	42	0	0	0	17973	0	1	0	1|121|17|45|15|0|0|0|0|0|0|0|0|0|
Warp	 	1	102	17	1	1	1	121	17	45	17	45	17	45	17	45	0	0	0	17972	0	1	0	1|120|43|42|15|0|0|0|0|0|0|0|0|0|
Warp	 	1	102	17	1	1	1	121	31	23	31	23	31	23	31	23	0	0	0	17973	0	1	0	1|122|35|11|15|0|0|0|0|0|0|0|0|0|
Warp	 	1	102	17	1	1	1	122	35	11	35	11	35	11	35	11	0	0	0	17972	0	1	0	1|121|31|23|15|0|0|0|0|0|0|0|0|0|
Warp	 	1	102	17	1	1	1	122	21	18	21	18	21	18	21	18	0	0	0	17973	0	1	0	1|123|27|34|15|0|0|0|0|0|0|0|0|0|
Warp	 	1	102	17	1	1	1	123	27	34	27	34	27	34	27	34	0	0	0	17972	0	1	0	1|122|21|18|15|0|0|0|0|0|0|0|0|0|
Warp	 	1	102	17	1	1	1	123	45	42	45	42	45	42	45	42	0	0	0	17973	0	1	0	1|124|14|30|15|0|0|0|0|0|0|0|0|0|
Warp	 	1	102	17	1	1	1	124	14	30	14	30	14	30	14	30	0	0	0	17972	0	1	0	1|123|45|42|15|0|0|0|0|0|0|0|0|0|
Warp	 	1	102	17	1	1	1	124	37	30	37	30	37	30	37	30	0	0	0	17973	0	1	0	1|125|36|17|15|0|0|0|0|0|0|0|0|0|
Warp	 	1	102	17	1	1	1	125	36	17	36	17	36	17	36	17	0	0	0	17972	0	1	0	1|124|37|30|15|0|0|0|0|0|0|0|0|0|
TownPeople	冒险者卡老	1	102	17	1	1	1	125	40	40	40	40	40	40	40	40	1	60000	5	14000	0	1	0	2144|2145|2146
TownPeople	樵夫 鸥刮	1	102	17	1	1	1	125	36	19	36	19	36	19	36	19	1	60000	0	14001	0	1	0	2147|2148
Warp	 	1	102	17	1	1	1	125	37	39	37	39	37	39	37	39	0	0	0	17973	0	1	0	1|126|46|47|15|0|0|0|0|0|0|0|0|0|
Warp	 	1	102	17	1	1	1	126	46	47	46	47	46	47	46	47	0	0	0	17972	0	1	0	1|125|37|39|15|0|0|0|0|0|0|0|0|0|
Warp	 	1	102	17	1	1	1	126	23	44	23	44	23	44	23	44	0	0	0	17973	0	1	0	1|127|12|14|15|0|0|0|0|0|0|0|0|0|
Warp	 	1	102	17	1	1	1	127	12	14	12	14	12	14	12	14	0	0	0	17972	0	1	0	1|126|23|44|15|0|0|0|0|0|0|0|0|0|
Warp	 	1	102	17	1	1	1	127	43	39	43	39	43	39	43	39	0	0	0	17973	0	1	0	1|128|25|16|15|0|0|0|0|0|0|0|0|0|
Warp	 	1	102	17	1	1	1	128	25	16	25	16	25	16	25	16	0	0	0	17972	0	1	0	1|127|43|39|15|0|0|0|0|0|0|0|0|0|
Pilot	葛氰荤唱捞 酒颇摹	1	102	17	1	1	1	128	40	43	40	43	40	43	40	43	1	60000	4	14038	0	1	0	8015|8016|8017|14942|17661
Warp	 	1	102	17	1	1	1	128	37	20	37	20	37	20	37	20	0	0	0	17973	0	1	0	1|129|20|45|15|0|0|0|0|0|0|0|0|0|
Warp	 	1	102	17	1	1	1	129	20	45	20	45	20	45	20	45	0	0	0	17972	0	1	0	1|128|37|20|15|0|0|0|0|0|0|0|0|0|
Event	冒险者鸥妮	1	102	17	1	1	1	129	40	48	40	48	40	48	40	48	1	60000	6	14004	0	1	0	EV_ijk_6029.txt
Warp	 	1	0	18	1	1	1	130	97	37	97	37	97	37	97	37	0	0	0	103011	0	1	0	0|100|648|153|15|0|0|0|0|0|0|0|0|210|
Warp	 	1	0	18	1	1	1	130	98	38	98	38	98	38	98	38	0	0	0	103011	0	1	0	1|130|97|37|15|0|0|0|0|0|0|0|0|0|
MineMaster	告示牌	1	0	18	1	1	1	130	98	38	98	38	98	38	98	38	1	60000	5	10414	0	1	0	1,130,97,37|1,130,1,1|0,100,648,153|1|
Warp	 	1	102	17	1	1	1	131	10	19	10	19	10	19	10	19	0	0	0	17972	0	1	0	1|129|28|21|15|0|0|0|0|0|0|0|0|0|
Warp	 	1	102	17	1	1	1	129	28	21	28	21	28	21	28	21	0	0	0	17973	0	1	0	1|131|10|19|15|0|0|0|0|0|0|0|0|0|
StandEnemy	暗影	1	102	17	1	1	1	131	9	5	9	5	9	5	9	5	1	60000	4	101532	0	1	0	3|||0||6020|||0|9016|||||||||0,100,648,153|1|130|97,37|210|
Warp	 	1	102	17	1	1	1	131	12	7	12	7	12	7	12	7	0	0	0	103011	0	1	0	1|131|10|15|15|0|0|0|0|0|0|0|0|0|
Warp	 	1	102	17	1	1	1	131	10	15	10	15	10	15	10	15	0	0	0	103011	0	1	0	1|131|12|7|15|17661|1|1|0|0|0|0|0|0|
Warp	 	1	103	19	1	1	1	132	60	47	60	47	60	47	60	47	0	0	0	103012	0	1	0	0|100|437|308|15|0|0|0|0|0|0|0|0|210|
Warp	 	1	103	19	1	1	0	100	437	308	437	308	437	308	437	308	0	0	0	103012	0	1	0	1|132|60|47|15|0|0|0|0|0|0|0|0|215|
StandEnemy	哥布林	1	103	19	1	1	1	132	99	17	99	17	99	17	99	17	1	60000	6	101800	0	1	0	3|||0|6021||||1|9013|5|1|||||||
StandEnemy	哥布林	1	103	19	1	1	1	132	44	67	44	67	44	67	44	67	1	60000	4	101800	0	1	0	3|||0|6021||||1|9013|5|1|||||||
StandEnemy	哥布林	1	103	19	1	1	1	132	71	78	71	78	71	78	71	78	1	60000	0	101800	0	1	0	3|||0|6021||||1|9013|5|1|||||||
Event	哥布林	1	103	19	1	1	1	132	66	57	66	57	66	57	66	57	1	60000	4	101800	0	1	0	EV_ijk_5127.txt
Warp	 	1	103	19	1	1	1	132	23	57	23	57	23	57	23	57	0	0	0	17954	0	1	0	1|133|92|12|15|0|0|0|0|0|0|0|0|0|
Warp	 	1	103	19	1	1	1	133	92	12	92	12	92	12	92	12	0	0	0	17955	0	1	0	1|132|23|57|15|0|0|0|0|0|0|0|0|0|
StandEnemy	哥布林	1	103	19	1	1	1	133	72	98	72	98	72	98	72	98	1	60000	6	101800	0	1	0	3|||0|6021||||1|9013|5|1|||||||
StandEnemy	哥布林	1	103	19	1	1	1	133	129	105	129	105	129	105	129	105	1	60000	0	101800	0	1	0	3|||0|6021||||1|9013|5|1|||||||
StandEnemy	哥布林	1	103	19	1	1	1	133	78	103	78	103	78	103	78	103	1	60000	1	101800	0	1	0	3|||0|6021||||1|9013|5|1|||||||
Warp	 	1	103	19	1	1	1	133	117	101	117	101	117	101	117	101	0	0	0	17954	0	1	0	1|134|63|103|15|0|0|0|0|0|0|0|0|0|
Warp	 	1	103	19	1	1	1	134	63	103	63	103	63	103	63	103	0	0	0	17955	0	1	0	1|133|117|101|15|0|0|0|0|0|0|0|0|0|
Pilot	绊喉赴	1	103	19	1	1	1	134	77	107	77	107	77	107	77	107	1	60000	5	101800	0	1	0	8027|8028|8029|18242|17632
StandEnemy	哥布林	1	103	19	1	1	1	134	63	101	63	101	63	101	63	101	1	60000	5	101800	0	1	0	3|||0|6021||||1|9013|5|1|||||||
BossBox	宝箱	1	103	19	1	1	1	135	5	5	5	5	5	5	5	5	1	60000	0	27899	0	1	0	2|0,100,437,308|210|
Warp	 	1	103	19	1	1	1	136	10	19	10	19	10	19	10	19	0	0	0	17955	0	1	0	1|134|42|53|15|0|0|0|0|0|0|0|0|0|
Warp	 	1	103	19	1	1	1	134	42	53	42	53	42	53	42	53	0	0	0	17954	0	1	0	1|136|10|19|15|0|0|0|0|0|0|0|0|0|
StandEnemy	哥布林枪王	1	103	19	1	1	1	136	9	5	9	5	9	5	9	5	1	60000	4	101802	0	1	0	3|||0|6022|6032|||1|9015|6|1|||||||1,135,2,5|1|0|0,0|0|
Warp	 	1	103	19	1	1	1	136	12	7	12	7	12	7	12	7	0	0	0	103011	0	1	0	1|136|10|15|15|0|0|0|0|0|0|0|0|0|
Warp	 	1	103	19	1	1	1	136	10	15	10	15	10	15	10	15	0	0	0	103011	0	1	0	1|136|12|7|15|17632|1|1|0|0|0|0|0|0|
Warp	 	1	104	20	1	1	1	137	32	11	32	11	32	11	32	11	0	0	0	103012	0	1	0	0|100|528|39|15|0|0|0|0|0|0|0|0|210|
Warp	 	1	104	20	1	1	0	100	528	39	528	39	528	39	528	39	0	0	0	103012	0	1	0	1|137|32|11|15|0|0|0|0|0|0|0|0|214|
StandEnemy	僵尸	1	104	20	1	1	1	137	45	34	45	34	45	34	45	34	1	60000	1	101100	0	1	0	3|||0|6034||||1|9018|
Warp	 	1	104	20	1	1	1	137	47	13	47	13	47	13	47	13	0	0	0	12002	0	1	0	1|138|38|45|15|0|0|0|0|0|0|0|0|0|
Warp	 	1	104	20	1	1	1	138	38	45	38	45	38	45	38	45	0	0	0	12000	0	1	0	1|137|47|13|15|0|0|0|0|0|0|0|0|0|
Warp	 	1	104	20	1	1	1	138	45	24	45	24	45	24	45	24	0	0	0	12002	0	1	0	1|139|47|11|15|0|0|0|0|0|0|0|0|0|
Warp	 	1	104	20	1	1	1	139	47	11	47	11	47	11	47	11	0	0	0	12000	0	1	0	1|138|45|24|15|0|0|0|0|0|0|0|0|0|
TownPeople	那鲁	1	104	20	1	1	1	139	46	31	46	31	46	31	46	31	1	60000	4	14019	0	1	0	2194|2195
Warp	 	1	104	20	1	1	1	139	12	39	12	39	12	39	12	39	0	0	0	12002	0	1	0	1|140|24|14|15|0|0|0|0|0|0|0|0|0|
Warp	 	1	104	20	1	1	1	140	24	14	24	14	24	14	24	14	0	0	0	12000	0	1	0	1|139|12|39|15|0|0|0|0|0|0|0|0|0|
StandEnemy	人类？	1	104	20	1	1	1	140	44	37	44	37	44	37	44	37	1	60000	0	14028	0	1	0	2||18196|0|6033||6035|6036|10|9020|
Warp	 	1	104	20	1	1	1	140	49	29	49	29	49	29	49	29	0	0	0	12002	0	1	0	1|141|17|15|15|0|0|0|0|0|0|0|0|0|
Warp	 	1	104	20	1	1	1	141	17	15	17	15	17	15	17	15	0	0	0	12000	0	1	0	1|140|49|29|15|0|0|0|0|0|0|0|0|0|
Warp	 	1	104	20	1	1	1	141	16	42	16	42	16	42	16	42	0	0	0	12002	0	1	0	1|142|19|32|15|0|0|0|0|0|0|0|0|0|
Warp	 	1	104	20	1	1	1	142	19	32	19	32	19	32	19	32	0	0	0	12000	0	1	0	1|141|16|42|15|0|0|0|0|0|0|0|0|0|
StandEnemy	地狱看门犬	1	104	20	1	1	1	142	44	13	44	13	44	13	44	13	1	60000	1	101030	0	1	0	3|||0|6005||||1|9017|
Warp	 	1	104	20	1	1	1	142	23	48	23	48	23	48	23	48	0	0	0	12002	0	1	0	1|143|40|21|15|0|0|0|0|0|0|0|0|0|
Warp	 	1	104	20	1	1	1	143	40	21	40	21	40	21	40	21	0	0	0	12000	0	1	0	1|142|23|48|15|0|0|0|0|0|0|0|0|0|
Warp	 	1	104	20	1	1	1	143	33	45	33	45	33	45	33	45	0	0	0	12002	0	1	0	1|144|25|39|15|0|0|0|0|0|0|0|0|0|
Warp	 	1	104	20	1	1	1	144	25	39	25	39	25	39	25	39	0	0	0	12000	0	1	0	1|143|33|45|15|0|0|0|0|0|0|0|0|0|
StandEnemy	腐尸	1	104	20	1	1	1	144	41	11	41	11	41	11	41	11	1	60000	4	101103	0	1	0	3|||0|6034||||1|9019|
TownPeople	福络肯	1	104	20	1	1	1	144	46	35	46	35	46	35	46	35	1	60000	0	14005	0	1	0	2190|2191
Warp	 	1	104	20	1	1	1	144	18	44	18	44	18	44	18	44	0	0	0	12002	0	1	0	1|145|36|51|15|0|0|0|0|0|0|0|0|0|
Warp	 	1	104	20	1	1	1	145	36	51	36	51	36	51	36	51	0	0	0	12000	0	1	0	1|144|18|44|15|0|0|0|0|0|0|0|0|0|
Event	无照护士米内鲁帕	1	104	20	1	1	1	145	48	31	48	31	48	31	48	31	1	60000	0	14096	0	1	0	EV_ijk_6048.txt
TownPeople	马丁	1	104	20	1	1	1	145	51	19	51	19	51	19	51	19	1	60000	7	14024	0	1	0	2192|2193
Warp	 	1	104	20	1	1	1	145	28	26	28	26	28	26	28	26	0	0	0	12002	0	1	0	1|146|48|18|15|0|0|0|0|0|0|0|0|0|
Warp	 	1	104	20	1	1	1	146	48	18	48	18	48	18	48	18	0	0	0	12000	0	1	0	1|145|28|26|15|0|0|0|0|0|0|0|0|0|
Warp	 	1	104	20	1	1	1	146	19	46	19	46	19	46	19	46	0	0	0	12000	0	1	0	0|15505|40|6|15|0|0|0|0|0|0|0|0|210|
Warp	 	1	104	20	1	1	0	15505	40	6	40	6	40	6	40	6	0	0	0	12002	0	1	0	1|146|19|46|15|0|0|0|0|0|0|0|0|214|
Warp	 	1	109	24	1	1	1	183	27	22	27	22	27	22	27	22	0	0	0	13996	0	1	0	1|184|72|57|15|0|0|0|0|0|0|0|0|0|
Warp	 	1	109	24	1	1	1	184	72	57	72	57	72	57	72	57	0	0	0	13997	0	1	0	1|183|27|22|15|0|0|0|0|0|0|0|0|0|
Warp	 	1	109	24	1	1	1	184	17	27	17	27	17	27	17	27	0	0	0	13996	0	1	0	1|147|39|10|15|0|0|0|0|0|0|0|0|0|
Warp	 	1	109	24	1	1	1	147	39	10	39	10	39	10	39	10	0	0	0	13997	0	1	0	1|184|17|27|15|0|0|0|0|0|0|0|0|0|
Warp	 	1	109	24	1	1	1	147	22	11	22	11	22	11	22	11	0	0	0	13996	0	1	0	1|148|11|16|15|0|0|0|0|0|0|0|0|0|
Warp	 	1	109	24	1	1	1	148	11	16	11	16	11	16	11	16	0	0	0	13997	0	1	0	1|147|22|11|15|0|0|0|0|0|0|0|0|0|
Warp	 	1	109	24	1	1	1	148	31	21	31	21	31	21	31	21	0	0	0	13996	0	1	0	1|149|12|7|15|0|0|0|0|0|0|0|0|0|
Warp	 	1	109	24	1	1	1	149	12	7	12	7	12	7	12	7	0	0	0	13997	0	1	0	1|148|31|21|15|0|0|0|0|0|0|0|0|0|
Warp	 	1	109	24	1	1	1	149	11	49	11	49	11	49	11	49	0	0	0	13996	0	1	0	1|150|14|41|15|0|0|0|0|0|0|0|0|0|
Warp	 	1	109	24	1	1	1	150	14	41	14	41	14	41	14	41	0	0	0	13997	0	1	0	1|149|11|49|15|0|0|0|0|0|0|0|0|0|
Warp	 	1	109	24	1	1	1	150	46	64	46	64	46	64	46	64	0	0	0	13996	0	1	0	1|151|36|49|15|0|0|0|0|0|0|0|0|0|
Warp	 	1	109	24	1	1	1	151	36	49	36	49	36	49	36	49	0	0	0	13997	0	1	0	1|150|46|64|15|0|0|0|0|0|0|0|0|0|
Warp	 	1	109	24	1	1	1	151	46	26	46	26	46	26	46	26	0	0	0	13996	0	1	0	1|152|47|78|15|0|0|0|0|0|0|0|0|0|
Warp	 	1	109	24	1	1	1	152	47	78	47	78	47	78	47	78	0	0	0	13997	0	1	0	1|151|46|26|15|0|0|0|0|0|0|0|0|0|
Warp	 	1	109	24	1	1	1	152	24	77	24	77	24	77	24	77	0	0	0	13996	0	1	0	1|185|60|38|15|0|0|0|0|0|0|0|0|0|
Warp	 	1	109	24	1	1	1	185	60	38	60	38	60	38	60	38	0	0	0	13997	0	1	0	1|152|24|77|15|0|0|0|0|0|0|0|0|0|
Warp	 	1	107	22	1	1	1	153	27	18	27	18	27	18	27	18	0	0	0	103012	0	1	0	0|100|240|208|15|0|0|0|0|0|0|0|0|0|
Warp	 	1	107	22	1	1	0	100	240	208	240	208	240	208	240	208	0	0	0	103012	0	1	0	1|153|27|18|15|0|0|0|0|0|0|0|0|214|
Warp	 	1	107	22	1	1	1	153	22	16	22	16	22	16	22	16	0	0	0	17963	0	1	0	1|154|20|27|15|0|0|0|0|0|0|0|0|0|
Warp	 	1	107	22	1	1	1	154	20	27	20	27	20	27	20	27	0	0	0	17962	0	1	0	1|153|22|16|15|0|0|0|0|0|0|0|0|0|
Warp	 	1	107	22	1	1	1	154	10	7	10	7	10	7	10	7	0	0	0	17963	0	1	0	1|155|14|5|15|0|0|0|0|0|0|0|0|0|
Warp	 	1	107	22	1	1	1	155	14	5	14	5	14	5	14	5	0	0	0	17962	0	1	0	1|154|10|7|15|0|0|0|0|0|0|0|0|0|
Warp	 	1	107	22	1	1	1	155	19	26	19	26	19	26	19	26	0	0	0	17963	0	1	0	1|156|21|22|15|0|0|0|0|0|0|0|0|0|
Warp	 	1	107	22	1	1	1	156	21	22	21	22	21	22	21	22	0	0	0	17962	0	1	0	1|155|19|26|15|0|0|0|0|0|0|0|0|0|
Warp	 	1	107	22	1	1	1	156	14	6	14	6	14	6	14	6	0	0	0	17963	0	1	0	1|157|23|33|15|0|0|0|0|0|0|0|0|0|
Warp	 	1	107	22	1	1	1	157	23	33	23	33	23	33	23	33	0	0	0	17962	0	1	0	1|156|14|6|15|0|0|0|0|0|0|0|0|0|
Warp	 	1	107	22	1	1	1	157	21	18	21	18	21	18	21	18	0	0	0	17963	0	1	0	1|158|19|23|15|0|0|0|0|0|0|0|0|0|
Warp	 	1	107	22	1	1	1	158	19	23	19	23	19	23	19	23	0	0	0	17962	0	1	0	1|157|21|18|15|0|0|0|0|0|0|0|0|0|
Warp	 	1	107	22	1	1	1	158	21	22	21	22	21	22	21	22	0	0	0	17963	0	1	0	1|159|26|33|15|0|0|0|0|0|0|0|0|0|
Warp	 	1	107	22	1	1	1	159	26	33	26	33	26	33	26	33	0	0	0	17962	0	1	0	1|158|21|22|15|0|0|0|0|0|0|0|0|0|
Warp	 	1	107	22	1	1	1	159	29	15	29	15	29	15	29	15	0	0	0	17963	0	1	0	1|160|22|41|15|0|0|0|0|0|0|0|0|0|
Warp	 	1	107	22	1	1	1	160	22	41	22	41	22	41	22	41	0	0	0	17962	0	1	0	1|159|29|15|15|0|0|0|0|0|0|0|0|0|
Event	匿名的老人	1	107	22	1	1	1	160	21	41	21	41	21	41	21	41	1	60000	2	14188	0	1	0	EV_miz_5415.txt
Warp	 	1	107	22	1	1	1	160	22	18	22	18	22	18	22	18	0	0	0	17963	0	1	0	0|15800|11|13|15|0|0|0|0|0|0|0|0|0|
Warp	 	1	107	22	1	1	0	15800	11	13	11	13	11	13	11	13	0	0	0	17962	0	1	0	1|160|22|18|15|0|0|0|0|0|0|0|0|214|
Warp	 	1	108	23	1	1	1	161	45	39	45	39	45	39	45	39	0	0	0	13997	0	1	0	0|15579|25|15|15|0|0|0|0|0|0|0|0|0|
Warp	 	1	108	23	1	1	0	15579	25	15	25	15	25	15	25	15	0	0	0	13996	0	1	0	1|161|45|39|15|0|0|0|0|0|0|0|0|214|
Warp	 	1	108	23	1	1	1	161	53	33	53	33	53	33	53	33	0	0	0	13996	0	1	0	1|162|42|26|15|0|0|0|0|0|0|0|0|0|
Warp	 	1	108	23	1	1	1	162	42	26	42	26	42	26	42	26	0	0	0	13997	0	1	0	1|161|53|33|15|0|0|0|0|0|0|0|0|0|
Warp	 	1	108	23	1	1	1	162	48	37	48	37	48	37	48	37	0	0	0	13996	0	1	0	1|163|69|66|15|0|0|0|0|0|0|0|0|0|
Warp	 	1	108	23	1	1	1	163	69	66	69	66	69	66	69	66	0	0	0	13997	0	1	0	1|162|48|37|15|0|0|0|0|0|0|0|0|0|
Warp	 	1	108	23	1	1	1	163	81	42	81	42	81	42	81	42	0	0	0	13996	0	1	0	1|164|18|17|15|0|0|0|0|0|0|0|0|0|
Warp	 	1	108	23	1	1	1	164	18	17	18	17	18	17	18	17	0	0	0	13997	0	1	0	1|163|81|42|15|0|0|0|0|0|0|0|0|0|
Warp	 	1	108	23	1	1	1	164	53	11	53	11	53	11	53	11	0	0	0	13996	0	1	0	1|165|32|32|15|0|0|0|0|0|0|0|0|0|
Warp	 	1	108	23	1	1	1	165	32	32	32	32	32	32	32	32	0	0	0	13997	0	1	0	1|164|53|11|15|0|0|0|0|0|0|0|0|0|
Warp	 	1	108	23	1	1	1	165	54	37	54	37	54	37	54	37	0	0	0	13996	0	1	0	1|166|33|56|15|0|0|0|0|0|0|0|0|0|
Warp	 	1	108	23	1	1	1	166	33	56	33	56	33	56	33	56	0	0	0	13997	0	1	0	1|165|54|37|15|0|0|0|0|0|0|0|0|0|
Warp	 	1	108	23	1	1	1	166	30	21	30	21	30	21	30	21	0	0	0	13996	0	1	0	1|167|28|23|15|0|0|0|0|0|0|0|0|0|
Warp	 	1	108	23	1	1	1	167	28	23	28	23	28	23	28	23	0	0	0	13997	0	1	0	1|166|30|21|15|0|0|0|0|0|0|0|0|0|
Warp	 	1	108	23	1	1	1	167	56	13	56	13	56	13	56	13	0	0	0	13996	0	1	0	1|168|36|36|15|0|0|0|0|0|0|0|0|0|
Warp	 	1	108	23	1	1	1	168	36	36	36	36	36	36	36	36	0	0	0	13997	0	1	0	1|167|56|13|15|0|0|0|0|0|0|0|0|0|
Warp	 	1	108	23	1	1	1	168	55	32	55	32	55	32	55	32	0	0	0	13996	0	1	0	1|169|12|9|15|0|0|0|0|0|0|0|0|0|
Warp	 	1	108	23	1	1	1	169	12	9	12	9	12	9	12	9	0	0	0	13997	0	1	0	1|168|55|32|15|0|0|0|0|0|0|0|0|0|
Warp	 	1	108	23	1	1	1	169	15	62	15	62	15	62	15	62	0	0	0	13996	0	1	0	1|170|12|77|15|0|0|0|0|0|0|0|0|0|
Warp	 	1	108	23	1	1	1	170	12	77	12	77	12	77	12	77	0	0	0	13997	0	1	0	1|169|15|62|15|0|0|0|0|0|0|0|0|0|
Warp	 	1	108	23	1	1	1	170	20	64	20	64	20	64	20	64	0	0	0	13996	0	1	0	1|171|15|18|15|0|0|0|0|0|0|0|0|0|
Warp	 	1	108	23	1	1	1	171	15	18	15	18	15	18	15	18	0	0	0	13997	0	1	0	1|170|20|64|15|0|0|0|0|0|0|0|0|0|
Warp	 	1	108	23	1	1	1	171	40	55	40	55	40	55	40	55	0	0	0	13996	0	1	0	1|172|25|6|15|0|0|0|0|0|0|0|0|0|
Warp	 	1	108	23	1	1	1	172	25	6	25	6	25	6	25	6	0	0	0	13997	0	1	0	1|171|40|55|15|0|0|0|0|0|0|0|0|0|
Warp	 	1	108	23	1	1	1	172	8	11	8	11	8	11	8	11	0	0	0	13996	0	1	0	1|173|15|42|15|0|0|0|0|0|0|0|0|0|
Warp	 	1	108	23	1	1	1	173	15	42	15	42	15	42	15	42	0	0	0	13997	0	1	0	1|172|8|11|15|0|0|0|0|0|0|0|0|0|
Warp	 	1	108	23	1	1	1	173	24	5	24	5	24	5	24	5	0	0	0	13996	0	1	0	1|174|39|54|15|0|0|0|0|0|0|0|0|0|
Warp	 	1	108	23	1	1	1	174	39	54	39	54	39	54	39	54	0	0	0	13997	0	1	0	1|173|24|5|15|0|0|0|0|0|0|0|0|0|
Warp	 	1	108	23	1	1	1	174	41	21	41	21	41	21	41	21	0	0	0	13996	0	1	0	1|175|11|21|15|0|0|0|0|0|0|0|0|0|
Warp	 	1	108	23	1	1	1	175	11	21	11	21	11	21	11	21	0	0	0	13997	0	1	0	1|174|41|21|15|0|0|0|0|0|0|0|0|0|
Warp	 	1	108	23	1	1	1	175	32	10	32	10	32	10	32	10	0	0	0	13996	0	1	0	1|176|10|18|15|0|0|0|0|0|0|0|0|0|
Warp	 	1	108	23	1	1	1	176	10	18	10	18	10	18	10	18	0	0	0	13997	0	1	0	1|175|32|10|15|0|0|0|0|0|0|0|0|0|
Warp	 	1	108	23	1	1	1	176	24	17	24	17	24	17	24	17	0	0	0	13996	0	1	0	1|177|16|46|15|0|0|0|0|0|0|0|0|0|
Warp	 	1	108	23	1	1	1	177	16	46	16	46	16	46	16	46	0	0	0	13997	0	1	0	1|176|24|17|15|0|0|0|0|0|0|0|0|0|
Warp	 	1	108	23	1	1	1	177	41	57	41	57	41	57	41	57	0	0	0	13996	0	1	0	1|178|12|23|15|0|0|0|0|0|0|0|0|0|
Warp	 	1	108	23	1	1	1	178	12	23	12	23	12	23	12	23	0	0	0	13997	0	1	0	1|177|41|57|15|0|0|0|0|0|0|0|0|0|
Warp	 	1	108	23	1	1	1	178	25	11	25	11	25	11	25	11	0	0	0	13996	0	1	0	1|179|31|11|15|0|0|0|0|0|0|0|0|0|
Warp	 	1	108	23	1	1	1	179	31	11	31	11	31	11	31	11	0	0	0	13997	0	1	0	1|178|25|11|15|0|0|0|0|0|0|0|0|0|
Warp	 	1	108	23	1	1	1	179	10	17	10	17	10	17	10	17	0	0	0	13996	0	1	0	0|15589|15|27|15|0|0|0|0|0|0|0|0|0|
Warp	 	1	108	23	1	1	0	15589	15	27	15	27	15	27	15	27	0	0	0	13997	0	1	0	1|179|10|17|15|0|0|0|0|0|0|0|0|214|
Warp	 	1	109	24	1	1	1	180	19	42	19	42	19	42	19	42	0	0	0	13997	0	1	0	0|15578|24|26|15|0|0|0|0|0|0|0|0|0|
Warp	 	1	109	24	1	1	0	15578	24	26	24	26	24	26	24	26	0	0	0	13996	0	1	0	1|180|19|42|15|0|0|0|0|0|0|0|0|214|
Warp	 	1	109	24	1	1	1	180	9	55	9	55	9	55	9	55	0	0	0	13996	0	1	0	1|181|10|46|15|0|0|0|0|0|0|0|0|0|
Warp	 	1	109	24	1	1	1	181	10	46	10	46	10	46	10	46	0	0	0	13997	0	1	0	1|180|9|55|15|0|0|0|0|0|0|0|0|0|
Warp	 	1	109	24	1	1	1	181	28	45	28	45	28	45	28	45	0	0	0	13996	0	1	0	1|182|74|25|15|0|0|0|0|0|0|0|0|0|
Warp	 	1	109	24	1	1	1	182	74	25	74	25	74	25	74	25	0	0	0	13997	0	1	0	1|181|28|45|15|0|0|0|0|0|0|0|0|0|
Warp	 	1	109	24	1	1	1	182	58	58	58	58	58	58	58	58	0	0	0	13996	0	1	0	1|183|81|21|15|0|0|0|0|0|0|0|0|0|
Warp	 	1	109	24	1	1	1	183	81	21	81	21	81	21	81	21	0	0	0	13997	0	1	0	1|182|58|58|15|0|0|0|0|0|0|0|0|0|
Warp	 	1	109	24	1	1	1	185	32	48	32	48	32	48	32	48	0	0	0	13996	0	1	0	1|186|17|22|15|0|0|0|0|0|0|0|0|0|
Warp	 	1	109	24	1	1	1	186	17	22	17	22	17	22	17	22	0	0	0	13997	0	1	0	1|185|32|48|15|0|0|0|0|0|0|0|0|0|
Warp	 	1	109	24	1	1	1	186	13	32	13	32	13	32	13	32	0	0	0	13996	0	1	0	1|187|40|59|15|0|0|0|0|0|0|0|0|0|
Warp	 	1	109	24	1	1	1	187	40	59	40	59	40	59	40	59	0	0	0	13997	0	1	0	1|186|13|32|15|0|0|0|0|0|0|0|0|0|
Warp	 	1	109	24	1	1	1	187	36	77	36	77	36	77	36	77	0	0	0	13996	0	1	0	1|188|43|14|15|0|0|0|0|0|0|0|0|0|
Warp	 	1	109	24	1	1	1	188	43	14	43	14	43	14	43	14	0	0	0	13997	0	1	0	1|187|36|77|15|0|0|0|0|0|0|0|0|0|
Warp	 	1	109	24	1	1	1	188	43	36	43	36	43	36	43	36	0	0	0	13996	0	1	0	1|189|14|68|15|0|0|0|0|0|0|0|0|0|
Warp	 	1	109	24	1	1	1	189	14	68	14	68	14	68	14	68	0	0	0	13997	0	1	0	1|188|43|36|15|0|0|0|0|0|0|0|0|0|
Warp	 	1	109	24	1	1	1	189	52	31	52	31	52	31	52	31	0	0	0	13996	0	1	0	1|190|43|13|15|0|0|0|0|0|0|0|0|0|
Warp	 	1	109	24	1	1	1	190	43	13	43	13	43	13	43	13	0	0	0	13997	0	1	0	1|189|52|31|15|0|0|0|0|0|0|0|0|0|
Warp	 	1	109	24	1	1	1	190	17	37	17	37	17	37	17	37	0	0	0	13996	0	1	0	1|191|23|42|15|0|0|0|0|0|0|0|0|0|
Warp	 	1	109	24	1	1	1	191	23	42	23	42	23	42	23	42	0	0	0	13997	0	1	0	1|190|17|37|15|0|0|0|0|0|0|0|0|0|
Warp	 	1	109	24	1	1	1	191	44	68	44	68	44	68	44	68	0	0	0	13996	0	1	0	1|192|47|31|15|0|0|0|0|0|0|0|0|0|
Warp	 	1	109	24	1	1	1	192	47	31	47	31	47	31	47	31	0	0	0	13997	0	1	0	1|191|44|68|15|0|0|0|0|0|0|0|0|0|
Warp	 	1	109	24	1	1	1	192	21	19	21	19	21	19	21	19	0	0	0	13996	0	1	0	0|15590|15|27|15|0|0|0|0|0|0|0|0|0|
Warp	 	1	109	24	1	1	0	15590	15	27	15	27	15	27	15	27	0	0	0	13997	0	1	0	1|192|21|19|15|0|0|0|0|0|0|0|0|214|
Warp	 	1	110	25	1	1	1	193	23	39	23	39	23	39	23	39	0	0	0	13997	0	1	0	0|15583|25|15|15|0|0|0|0|0|0|0|0|0|
Warp	 	1	110	25	1	1	0	15583	25	15	25	15	25	15	25	15	0	0	0	13996	0	1	0	1|193|23|39|15|0|0|0|0|0|0|0|0|214|
Warp	 	1	110	25	1	1	1	193	14	8	14	8	14	8	14	8	0	0	0	13996	0	1	0	1|194|23|50|15|0|0|0|0|0|0|0|0|0|
Warp	 	1	110	25	1	1	1	194	23	50	23	50	23	50	23	50	0	0	0	13997	0	1	0	1|193|14|8|15|0|0|0|0|0|0|0|0|0|
Warp	 	1	110	25	1	1	1	194	43	65	43	65	43	65	43	65	0	0	0	13996	0	1	0	1|195|36|53|15|0|0|0|0|0|0|0|0|0|
Warp	 	1	110	25	1	1	1	195	36	53	36	53	36	53	36	53	0	0	0	13997	0	1	0	1|194|43|65|15|0|0|0|0|0|0|0|0|0|
Warp	 	1	110	25	1	1	1	195	9	58	9	58	9	58	9	58	0	0	0	13996	0	1	0	1|196|56|74|15|0|0|0|0|0|0|0|0|0|
Warp	 	1	110	25	1	1	1	196	56	74	56	74	56	74	56	74	0	0	0	13997	0	1	0	1|195|9|58|15|0|0|0|0|0|0|0|0|0|
Warp	 	1	110	25	1	1	1	196	30	11	30	11	30	11	30	11	0	0	0	13996	0	1	0	1|197|50|22|15|0|0|0|0|0|0|0|0|0|
Warp	 	1	110	25	1	1	1	197	50	22	50	22	50	22	50	22	0	0	0	13997	0	1	0	1|196|30|11|15|0|0|0|0|0|0|0|0|0|
Warp	 	1	110	25	1	1	1	197	16	20	16	20	16	20	16	20	0	0	0	13996	0	1	0	1|198|30|37|15|0|0|0|0|0|0|0|0|0|
Warp	 	1	110	25	1	1	1	198	30	37	30	37	30	37	30	37	0	0	0	13997	0	1	0	1|197|16|20|15|0|0|0|0|0|0|0|0|0|
Warp	 	1	110	25	1	1	1	198	23	14	23	14	23	14	23	14	0	0	0	13996	0	1	0	1|199|34|53|15|0|0|0|0|0|0|0|0|0|
Warp	 	1	110	25	1	1	1	199	34	53	34	53	34	53	34	53	0	0	0	13997	0	1	0	1|198|23|14|15|0|0|0|0|0|0|0|0|0|
Warp	 	1	110	25	1	1	1	199	38	17	38	17	38	17	38	17	0	0	0	13996	0	1	0	1|200|10|49|15|0|0|0|0|0|0|0|0|0|
Warp	 	1	110	25	1	1	1	200	10	49	10	49	10	49	10	49	0	0	0	13997	0	1	0	1|199|38|17|15|0|0|0|0|0|0|0|0|0|
Warp	 	1	110	25	1	1	1	200	24	21	24	21	24	21	24	21	0	0	0	13996	0	1	0	1|201|21|55|15|0|0|0|0|0|0|0|0|0|
Warp	 	1	110	25	1	1	1	201	21	55	21	55	21	55	21	55	0	0	0	13997	0	1	0	1|200|24|21|15|0|0|0|0|0|0|0|0|0|
Warp	 	1	110	25	1	1	1	201	18	84	18	84	18	84	18	84	0	0	0	13996	0	1	0	0|15585|25|34|15|0|0|0|0|0|0|0|0|0|
Warp	 	1	110	25	1	1	0	15585	25	34	25	34	25	34	25	34	0	0	0	13997	0	1	0	1|201|18|84|15|0|0|0|0|0|0|0|0|214|
Warp	 	1	111	26	1	1	1	202	35	35	35	35	35	35	35	35	0	0	0	13997	0	1	0	0|15584|24|26|15|0|0|0|0|0|0|0|0|0|
Warp	 	1	111	26	1	1	0	15584	24	26	24	26	24	26	24	26	0	0	0	13996	0	1	0	1|202|35|35|15|0|0|0|0|0|0|0|0|214|
Warp	 	1	111	26	1	1	1	202	29	12	29	12	29	12	29	12	0	0	0	13996	0	1	0	1|203|17|57|15|0|0|0|0|0|0|0|0|0|
Warp	 	1	111	26	1	1	1	203	17	57	17	57	17	57	17	57	0	0	0	13997	0	1	0	1|202|29|12|15|0|0|0|0|0|0|0|0|0|
Warp	 	1	111	26	1	1	1	203	22	43	22	43	22	43	22	43	0	0	0	13996	0	1	0	1|204|35|28|15|0|0|0|0|0|0|0|0|0|
Warp	 	1	111	26	1	1	1	204	35	28	35	28	35	28	35	28	0	0	0	13997	0	1	0	1|203|22|43|15|0|0|0|0|0|0|0|0|0|
Warp	 	1	111	26	1	1	1	204	26	17	26	17	26	17	26	17	0	0	0	13996	0	1	0	1|205|52|25|15|0|0|0|0|0|0|0|0|0|
Warp	 	1	111	26	1	1	1	205	52	25	52	25	52	25	52	25	0	0	0	13997	0	1	0	1|204|26|17|15|0|0|0|0|0|0|0|0|0|
Warp	 	1	111	26	1	1	1	205	9	12	9	12	9	12	9	12	0	0	0	13996	0	1	0	1|206|11|18|15|0|0|0|0|0|0|0|0|0|
Warp	 	1	111	26	1	1	1	206	11	18	11	18	11	18	11	18	0	0	0	13997	0	1	0	1|205|9|12|15|0|0|0|0|0|0|0|0|0|
Warp	 	1	111	26	1	1	1	206	21	44	21	44	21	44	21	44	0	0	0	13996	0	1	0	1|207|27|54|15|0|0|0|0|0|0|0|0|0|
Warp	 	1	111	26	1	1	1	207	27	54	27	54	27	54	27	54	0	0	0	13997	0	1	0	1|206|21|44|15|0|0|0|0|0|0|0|0|0|
Warp	 	1	111	26	1	1	1	207	20	29	20	29	20	29	20	29	0	0	0	13996	0	1	0	1|208|26|40|15|0|0|0|0|0|0|0|0|0|
Warp	 	1	111	26	1	1	1	208	26	40	26	40	26	40	26	40	0	0	0	13997	0	1	0	1|207|20|29|15|0|0|0|0|0|0|0|0|0|
Warp	 	1	111	26	1	1	1	208	55	18	55	18	55	18	55	18	0	0	0	13996	0	1	0	1|209|10|18|15|0|0|0|0|0|0|0|0|0|
Warp	 	1	111	26	1	1	1	209	10	18	10	18	10	18	10	18	0	0	0	13997	0	1	0	1|208|55|18|15|0|0|0|0|0|0|0|0|0|
Warp	 	1	111	26	1	1	1	209	40	19	40	19	40	19	40	19	0	0	0	13996	0	1	0	1|210|11|27|15|0|0|0|0|0|0|0|0|0|
Warp	 	1	111	26	1	1	1	210	11	27	11	27	11	27	11	27	0	0	0	13997	0	1	0	1|209|40|19|15|0|0|0|0|0|0|0|0|0|
Warp	 	1	111	26	1	1	1	210	17	37	17	37	17	37	17	37	0	0	0	13996	0	1	0	0|15586|24|40|15|0|0|0|0|0|0|0|0|0|
Warp	 	1	111	26	1	1	0	15586	24	40	24	40	24	40	24	40	0	0	0	13997	0	1	0	1|210|17|37|15|0|0|0|0|0|0|0|0|214|
Warp	 	1	200	30	1	1	1	245	96	31	96	31	96	31	96	31	0	0	0	17952	0	1	0	1|246|38|53|15|0|0|0|0|0|0|0|0|0|
Warp	 	1	200	30	1	1	1	246	38	53	38	53	38	53	38	53	0	0	0	17953	0	1	0	1|245|96|31|15|0|0|0|0|0|0|0|0|0|
Warp	 	1	200	30	1	1	1	246	16	73	16	73	16	73	16	73	0	0	0	17952	0	1	0	1|211|45|45|15|0|0|0|0|0|0|0|0|0|
Warp	 	1	200	30	1	1	1	211	45	45	45	45	45	45	45	45	0	0	0	17953	0	1	0	1|246|16|73|15|0|0|0|0|0|0|0|0|0|
Warp	 	1	200	30	1	1	1	211	55	87	55	87	55	87	55	87	0	0	0	17952	0	1	0	1|212|31|100|15|0|0|0|0|0|0|0|0|0|
Warp	 	1	200	30	1	1	1	212	31	100	31	100	31	100	31	100	0	0	0	17953	0	1	0	1|211|55|87|15|0|0|0|0|0|0|0|0|0|
Warp	 	1	200	30	1	1	1	212	72	102	72	102	72	102	72	102	0	0	0	17952	0	1	0	1|213|23|71|15|0|0|0|0|0|0|0|0|0|
Warp	 	1	200	30	1	1	1	213	23	71	23	71	23	71	23	71	0	0	0	17953	0	1	0	1|212|72|102|15|0|0|0|0|0|0|0|0|0|
BossBox	宝箱	1	200	30	1	1	1	214	5	5	5	5	5	5	5	5	1	60000	0	27899	0	1	0	2|0,5004,61,56|201|
Warp	 	1	200	30	1	1	1	215	10	19	10	19	10	19	10	19	0	0	0	17953	0	1	0	1|213|88|86|15|0|0|0|0|0|0|0|0|0|
Warp	 	1	200	30	1	1	1	213	88	86	88	86	88	86	88	86	0	0	0	17952	0	1	0	1|215|10|19|15|0|0|0|0|0|0|0|0|0|
StandEnemy	幻影	1	200	30	1	1	1	215	9	5	9	5	9	5	9	5	1	60000	4	101530	0	1	0	3|||0||6020|||0|10000|||||||||1,214,2,5|1|0|0,0|0|
Warp	 	1	200	30	1	1	1	215	12	7	12	7	12	7	12	7	0	0	0	103011	0	1	0	1|215|10|15|15|0|0|0|0|0|0|0|0|0|
Warp	 	1	200	30	1	1	1	215	10	15	10	15	10	15	10	15	0	0	0	103011	0	1	0	1|215|12|7|15|-1|1|1|0|0|0|0|0|0|
Warp	 	1	201	31	1	1	1	216	54	84	54	84	54	84	54	84	0	0	0	103012	0	1	0	0|5004|59|26|15|0|0|0|0|0|0|0|0|201|
Warp	 	1	201	31	1	1	0	5004	59	26	59	26	59	26	59	26	0	0	0	0	0	1	0	1|216|54|84|15|0|0|0|0|0|0|0|0|214|
Warp	 	1	201	31	1	1	1	216	89	26	89	26	89	26	89	26	0	0	0	12000	0	1	0	1|217|12|57|15|0|0|0|0|0|0|0|0|0|
Warp	 	1	201	31	1	1	1	217	12	57	12	57	12	57	12	57	0	0	0	12002	0	1	0	1|216|89|26|15|0|0|0|0|0|0|0|0|0|
Warp	 	1	201	31	1	1	1	217	34	68	34	68	34	68	34	68	0	0	0	12000	0	1	0	1|218|74|23|15|0|0|0|0|0|0|0|0|0|
Warp	 	1	201	31	1	1	1	218	74	23	74	23	74	23	74	23	0	0	0	12002	0	1	0	1|217|34|68|15|0|0|0|0|0|0|0|0|0|
Warp	 	1	201	31	1	1	1	218	31	93	31	93	31	93	31	93	0	0	0	12000	0	1	0	1|219|87|18|15|0|0|0|0|0|0|0|0|0|
Warp	 	1	201	31	1	1	1	219	87	18	87	18	87	18	87	18	0	0	0	12002	0	1	0	1|218|31|93|15|0|0|0|0|0|0|0|0|0|
Warp	 	1	201	31	1	1	1	219	31	56	31	56	31	56	31	56	0	0	0	12000	0	1	0	1|220|46|17|15|0|0|0|0|0|0|0|0|0|
Warp	 	1	201	31	1	1	1	220	46	17	46	17	46	17	46	17	0	0	0	12002	0	1	0	1|219|31|56|15|0|0|0|0|0|0|0|0|0|
BossBox	宝箱	1	201	31	1	1	1	221	5	5	5	5	5	5	5	5	1	60000	0	27899	0	1	0	3|0,5004,59,26|201|
Warp	 	1	201	31	1	1	1	222	10	19	10	19	10	19	10	19	0	0	0	12002	0	1	0	1|220|26|16|15|0|0|0|0|0|0|0|0|0|
Warp	 	1	201	31	1	1	1	220	26	16	26	16	26	16	26	16	0	0	0	12000	0	1	0	1|222|10|19|15|0|0|0|0|0|0|0|0|0|
StandEnemy	幻影	1	201	31	1	1	1	222	9	5	9	5	9	5	9	5	1	60000	4	101530	0	1	0	3|||0||6020|||0|10001|||||||||1,221,2,5|1|0|0,0|0|
Warp	 	1	201	31	1	1	1	222	12	7	12	7	12	7	12	7	0	0	0	103011	0	1	0	1|222|10|15|15|0|0|0|0|0|0|0|0|0|
Warp	 	1	201	31	1	1	1	222	10	15	10	15	10	15	10	15	0	0	0	103011	0	1	0	1|222|12|7|15|-1|1|1|0|0|0|0|0|0|
Warp	 	1	113	28	1	1	1	225	49	34	49	34	49	34	49	34	0	0	0	103012	0	1	0	0|15596|10|74|15|0|0|0|0|0|0|0|0|0|
Warp	 	1	113	28	1	1	0	15596	10	74	10	74	10	74	10	74	0	0	0	103012	0	1	0	1|225|49|34|15|0|0|0|0|0|0|0|0|215|
Warp	 	1	113	28	1	1	1	225	15	23	15	23	15	23	15	23	0	0	0	17983	0	1	0	1|226|13|43|15|0|0|0|0|0|0|0|0|0|
Warp	 	1	113	28	1	1	1	226	13	43	13	43	13	43	13	43	0	0	0	17982	0	1	0	1|225|15|23|15|0|0|0|0|0|0|0|0|0|
Warp	 	1	113	28	1	1	1	226	16	18	16	18	16	18	16	18	0	0	0	17983	0	1	0	1|227|17|34|15|0|0|0|0|0|0|0|0|0|
Warp	 	1	113	28	1	1	1	227	17	34	17	34	17	34	17	34	0	0	0	17982	0	1	0	1|226|16|18|15|0|0|0|0|0|0|0|0|0|
Warp	 	1	113	28	1	1	1	227	27	32	27	32	27	32	27	32	0	0	0	17983	0	1	0	1|228|13|25|15|0|0|0|0|0|0|0|0|0|
Warp	 	1	113	28	1	1	1	228	13	25	13	25	13	25	13	25	0	0	0	17982	0	1	0	1|227|27|32|15|0|0|0|0|0|0|0|0|0|
Warp	 	1	113	28	1	1	1	228	42	9	42	9	42	9	42	9	0	0	0	17983	0	1	0	1|229|11|6|15|0|0|0|0|0|0|0|0|0|
Warp	 	1	113	28	1	1	1	229	11	6	11	6	11	6	11	6	0	0	0	17982	0	1	0	1|228|42|9|15|0|0|0|0|0|0|0|0|0|
Warp	 	1	113	28	1	1	1	229	18	45	18	45	18	45	18	45	0	0	0	17983	0	1	0	1|230|11|28|15|0|0|0|0|0|0|0|0|0|
Warp	 	1	113	28	1	1	1	230	11	28	11	28	11	28	11	28	0	0	0	17982	0	1	0	1|229|18|45|15|0|0|0|0|0|0|0|0|0|
Warp	 	1	113	28	1	1	1	230	18	45	18	45	18	45	18	45	0	0	0	17983	0	1	0	1|231|12|8|15|0|0|0|0|0|0|0|0|0|
Warp	 	1	113	28	1	1	1	231	12	8	12	8	12	8	12	8	0	0	0	17982	0	1	0	1|230|18|45|15|0|0|0|0|0|0|0|0|0|
Warp	 	1	113	28	1	1	1	231	29	31	29	31	29	31	29	31	0	0	0	17983	0	1	0	1|232|44|30|15|0|0|0|0|0|0|0|0|0|
Warp	 	1	113	28	1	1	1	232	44	30	44	30	44	30	44	30	0	0	0	17982	0	1	0	1|231|29|31|15|0|0|0|0|0|0|0|0|0|
Warp	 	1	113	28	1	1	1	232	41	15	41	15	41	15	41	15	0	0	0	17983	0	1	0	1|233|23|9|15|0|0|0|0|0|0|0|0|0|
Warp	 	1	113	28	1	1	1	233	23	9	23	9	23	9	23	9	0	0	0	17982	0	1	0	1|232|41|15|15|0|0|0|0|0|0|0|0|0|
Warp	 	1	113	28	1	1	1	233	11	30	11	30	11	30	11	30	0	0	0	17983	0	1	0	1|234|30|25|15|0|0|0|0|0|0|0|0|0|
Warp	 	1	113	28	1	1	1	234	30	25	30	25	30	25	30	25	0	0	0	17982	0	1	0	1|233|11|30|15|0|0|0|0|0|0|0|0|0|
Warp	 	1	113	28	1	1	1	234	15	28	15	28	15	28	15	28	0	0	0	103012	0	1	0	0|15597|20|42|15|0|0|0|0|0|0|0|0|0|
Warp	 	1	113	28	1	1	0	15597	20	42	20	42	20	42	20	42	0	0	0	103012	0	1	0	1|234|15|28|15|0|0|0|0|0|0|0|0|215|
Warp	 	1	114	29	1	1	1	235	32	15	32	15	32	15	32	15	0	0	0	103012	0	1	0	0|15596|85|38|15|0|0|0|0|0|0|0|0|0|
Warp	 	1	114	29	1	1	0	15596	85	38	85	38	85	38	85	38	0	0	0	103012	0	1	0	1|235|32|15|15|0|0|0|0|0|0|0|0|215|
Warp	 	1	114	29	1	1	1	235	16	32	16	32	16	32	16	32	0	0	0	17983	0	1	0	1|236|32|27|15|0|0|0|0|0|0|0|0|0|
Warp	 	1	114	29	1	1	1	236	32	27	32	27	32	27	32	27	0	0	0	17982	0	1	0	1|235|16|32|15|0|0|0|0|0|0|0|0|0|
Warp	 	1	114	29	1	1	1	236	26	8	26	8	26	8	26	8	0	0	0	17983	0	1	0	1|237|38|26|15|0|0|0|0|0|0|0|0|0|
Warp	 	1	114	29	1	1	1	237	38	26	38	26	38	26	38	26	0	0	0	17982	0	1	0	1|236|26|8|15|0|0|0|0|0|0|0|0|0|
Warp	 	1	114	29	1	1	1	237	39	14	39	14	39	14	39	14	0	0	0	17983	0	1	0	1|238|36|20|15|0|0|0|0|0|0|0|0|0|
Warp	 	1	114	29	1	1	1	238	36	20	36	20	36	20	36	20	0	0	0	17982	0	1	0	1|237|39|14|15|0|0|0|0|0|0|0|0|0|
Warp	 	1	114	29	1	1	1	238	23	37	23	37	23	37	23	37	0	0	0	17983	0	1	0	1|239|16|36|15|0|0|0|0|0|0|0|0|0|
Warp	 	1	114	29	1	1	1	239	16	36	16	36	16	36	16	36	0	0	0	17982	0	1	0	1|238|23|37|15|0|0|0|0|0|0|0|0|0|
Warp	 	1	114	29	1	1	1	239	22	17	22	17	22	17	22	17	0	0	0	17983	0	1	0	1|240|42|31|15|0|0|0|0|0|0|0|0|0|
Warp	 	1	114	29	1	1	1	240	42	31	42	31	42	31	42	31	0	0	0	17982	0	1	0	1|239|22|17|15|0|0|0|0|0|0|0|0|0|
Warp	 	1	114	29	1	1	1	240	20	27	20	27	20	27	20	27	0	0	0	17983	0	1	0	1|241|25|31|15|0|0|0|0|0|0|0|0|0|
Warp	 	1	114	29	1	1	1	241	25	31	25	31	25	31	25	31	0	0	0	17982	0	1	0	1|240|20|27|15|0|0|0|0|0|0|0|0|0|
Warp	 	1	114	29	1	1	1	241	16	12	16	12	16	12	16	12	0	0	0	17983	0	1	0	1|242|19|24|15|0|0|0|0|0|0|0|0|0|
Warp	 	1	114	29	1	1	1	242	19	24	19	24	19	24	19	24	0	0	0	17982	0	1	0	1|241|16|12|15|0|0|0|0|0|0|0|0|0|
Warp	 	1	114	29	1	1	1	242	21	11	21	11	21	11	21	11	0	0	0	17983	0	1	0	1|243|29|30|15|0|0|0|0|0|0|0|0|0|
Warp	 	1	114	29	1	1	1	243	29	30	29	30	29	30	29	30	0	0	0	17982	0	1	0	1|242|21|11|15|0|0|0|0|0|0|0|0|0|
Warp	 	1	114	29	1	1	1	243	11	6	11	6	11	6	11	6	0	0	0	17983	0	1	0	1|244|36|15|15|0|0|0|0|0|0|0|0|0|
Warp	 	1	114	29	1	1	1	244	36	15	36	15	36	15	36	15	0	0	0	17982	0	1	0	1|243|11|6|15|0|0|0|0|0|0|0|0|0|
Warp	 	1	114	29	1	1	1	244	15	43	15	43	15	43	15	43	0	0	0	103012	0	1	0	0|15598|20|42|15|0|0|0|0|0|0|0|0|0|
Warp	 	1	114	29	1	1	0	15598	20	42	20	42	20	42	20	42	0	0	0	103012	0	1	0	1|244|15|43|15|0|0|0|0|0|0|0|0|215|
Warp	 	1	200	30	1	1	1	245	46	42	46	42	46	42	46	42	0	0	0	103012	0	1	0	0|5004|61|56|15|0|0|0|0|0|0|0|0|201|
Warp	 	1	200	30	1	1	0	5004	61	56	61	56	61	56	61	56	0	0	0	0	0	1	0	1|245|46|42|15|0|0|0|0|0|0|0|0|214|
Warp	 	1	202	32	1	1	1	223	21	28	21	28	21	28	21	28	0	0	0	103012	0	1	0	0|5004|38|22|15|0|0|0|0|0|0|0|0|201|
Warp	 	1	202	32	1	1	0	5004	38	22	38	22	38	22	38	22	0	0	0	0	0	1	0	1|223|21|28|15|0|0|0|0|0|0|0|0|214|
Warp	 	1	202	32	1	1	1	223	79	89	79	89	79	89	79	89	0	0	0	17966	0	1	0	1|224|9|94|15|0|0|0|0|0|0|0|0|0|
Warp	 	1	202	32	1	1	1	224	9	94	9	94	9	94	9	94	0	0	0	17967	0	1	0	1|223|79|89|15|0|0|0|0|0|0|0|0|0|
Warp	 	1	202	32	1	1	1	224	25	70	25	70	25	70	25	70	0	0	0	17966	0	1	0	1|247|99|83|15|0|0|0|0|0|0|0|0|0|
Warp	 	1	202	32	1	1	1	247	99	83	99	83	99	83	99	83	0	0	0	17967	0	1	0	1|224|25|70|15|0|0|0|0|0|0|0|0|0|
Warp	 	1	202	32	1	1	1	247	45	90	45	90	45	90	45	90	0	0	0	17966	0	1	0	1|248|24|33|15|0|0|0|0|0|0|0|0|0|
Warp	 	1	202	32	1	1	1	248	24	33	24	33	24	33	24	33	0	0	0	17967	0	1	0	1|247|45|90|15|0|0|0|0|0|0|0|0|0|
Warp	 	1	202	32	1	1	1	248	79	92	79	92	79	92	79	92	0	0	0	17966	0	1	0	1|249|18|56|15|0|0|0|0|0|0|0|0|0|
Warp	 	1	202	32	1	1	1	249	18	56	18	56	18	56	18	56	0	0	0	17967	0	1	0	1|248|79|92|15|0|0|0|0|0|0|0|0|0|
BossBox	宝箱	1	202	32	1	1	1	250	5	5	5	5	5	5	5	5	1	60000	0	27899	0	1	0	4|0,5004,38,22|201|
Warp	 	1	202	32	1	1	1	251	10	19	10	19	10	19	10	19	0	0	0	17967	0	1	0	1|249|56|41|15|0|0|0|0|0|0|0|0|0|
Warp	 	1	202	32	1	1	1	249	56	41	56	41	56	41	56	41	0	0	0	17966	0	1	0	1|251|10|19|15|0|0|0|0|0|0|0|0|0|
StandEnemy	幻影	1	202	32	1	1	1	251	9	5	9	5	9	5	9	5	1	60000	4	101530	0	1	0	3|||0||6020|||0|10002|||||||||1,250,2,5|1|0|0,0|0|
Warp	 	1	202	32	1	1	1	251	12	7	12	7	12	7	12	7	0	0	0	103011	0	1	0	1|251|10|15|15|0|0|0|0|0|0|0|0|0|
Warp	 	1	202	32	1	1	1	251	10	15	10	15	10	15	10	15	0	0	0	103011	0	1	0	1|251|12|7|15|-1|1|1|0|0|0|0|0|0|
Warp	 	1	203	33	1	1	1	252	58	80	58	80	58	80	58	80	0	0	0	103012	0	1	0	0|5004|19|26|15|0|0|0|0|0|0|0|0|201|
Warp	 	1	203	33	1	1	0	5004	19	26	19	26	19	26	19	26	0	0	0	0	0	1	0	1|252|58|80|15|0|0|0|0|0|0|0|0|214|
Warp	 	1	203	33	1	1	1	252	105	47	105	47	105	47	105	47	0	0	0	13270	0	1	0	1|253|15|21|15|0|0|0|0|0|0|0|0|0|
Warp	 	1	203	33	1	1	1	253	15	21	15	21	15	21	15	21	0	0	0	13271	0	1	0	1|252|105|47|15|0|0|0|0|0|0|0|0|0|
Warp	 	1	203	33	1	1	1	253	86	78	86	78	86	78	86	78	0	0	0	13270	0	1	0	1|254|20|20|15|0|0|0|0|0|0|0|0|0|
Warp	 	1	203	33	1	1	1	254	20	20	20	20	20	20	20	20	0	0	0	13271	0	1	0	1|253|86|78|15|0|0|0|0|0|0|0|0|0|
Warp	 	1	203	33	1	1	1	254	39	36	39	36	39	36	39	36	0	0	0	13270	0	1	0	1|255|69|49|15|0|0|0|0|0|0|0|0|0|
Warp	 	1	203	33	1	1	1	255	69	49	69	49	69	49	69	49	0	0	0	13271	0	1	0	1|254|39|36|15|0|0|0|0|0|0|0|0|0|
Warp	 	1	203	33	1	1	1	255	36	59	36	59	36	59	36	59	0	0	0	13270	0	1	0	1|256|51|17|15|0|0|0|0|0|0|0|0|0|
Warp	 	1	203	33	1	1	1	256	51	17	51	17	51	17	51	17	0	0	0	13271	0	1	0	1|255|36|59|15|0|0|0|0|0|0|0|0|0|
BossBox	宝箱	1	203	33	1	1	1	257	5	5	5	5	5	5	5	5	1	60000	0	27899	0	1	0	5|0,5004,19,26|201|
Warp	 	1	203	33	1	1	1	258	10	19	10	19	10	19	10	19	0	0	0	13271	0	1	0	1|256|88|26|15|0|0|0|0|0|0|0|0|0|
Warp	 	1	203	33	1	1	1	256	88	26	88	26	88	26	88	26	0	0	0	13270	0	1	0	1|258|10|19|15|0|0|0|0|0|0|0|0|0|
StandEnemy	幻影	1	203	33	1	1	1	258	9	5	9	5	9	5	9	5	1	60000	4	101530	0	1	0	3|||0||6020|||0|10003|||||||||1,257,2,5|1|0|0,0|0|
Warp	 	1	203	33	1	1	1	258	12	7	12	7	12	7	12	7	0	0	0	103011	0	1	0	1|258|10|15|15|0|0|0|0|0|0|0|0|0|
Warp	 	1	203	33	1	1	1	258	10	15	10	15	10	15	10	15	0	0	0	103011	0	1	0	1|258|12|7|15|-1|1|1|0|0|0|0|0|0|
