0 1 1 1 0 -1 0 0 0 0 0 0 0 0 0 0 0 0 0 0
1 1 1 0 1 -1 0 0 0 0 0 0 0 0 0 0 0 0 0 0
2 1 1 0 0 -1 0 0 0 0 0 0 0 0 0 0 0 0 0 0
3 1 1 1 1 -1 0 0 0 0 0 0 0 0 0 0 0 0 0 0
4 1 1 2 0 -1 0 0 0 0 0 0 0 0 0 0 0 0 0 0
5 1 1 0 1 -1 0 0 0 0 0 0 0 0 0 0 0 0 0 0
6 1 1 0 0 -1 0 0 0 0 0 0 0 0 0 0 0 0 0 0
7 1 1 1 1 -1 0 0 0 0 0 0 0 0 0 0 0 0 0 0
8 1 1 1 0 -1 0 0 0 0 0 0 0 0 0 0 0 0 0 0
9 1 1 0 1 -1 0 0 0 0 0 0 0 0 0 0 0 0 0 0
10 1 1 0 0 -1 0 0 0 0 0 0 0 0 0 0 0 0 0 0
11 1 1 1 1 -1 0 0 0 0 0 0 0 0 0 0 0 0 0 0
220008 1 1 1 0 0 0 0 0 0 0 0 0 0 0 0 0 0 0 0
220009 1 1 1 0 0 0 0 0 0 0 0 0 0 0 0 0 0 0 0
220010 1 1 1 0 0 0 0 0 0 0 0 0 0 0 0 0 0 0 0
220011 1 1 1 0 0 0 0 0 0 0 0 0 0 0 0 0 0 0 0
220012 1 1 1 0 0 0 0 0 0 0 0 0 0 0 0 0 0 0 0
220013 1 1 1 0 0 0 0 0 0 0 0 0 0 0 0 0 0 0 0
220014 1 1 1 0 0 0 0 0 0 0 0 0 0 0 0 0 0 0 0
220015 1 1 1 0 0 0 0 0 0 0 0 0 0 0 0 0 0 0 0
220016 1 1 1 0 0 0 0 0 0 0 0 0 0 0 0 0 0 0 0
220017 1 1 1 0 0 0 0 0 0 0 0 0 0 0 0 0 0 0 0
220018 1 1 1 0 0 0 0 0 0 0 0 0 0 0 0 0 0 0 0
220019 1 1 1 0 0 0 0 0 0 0 0 0 0 0 0 0 0 0 0
220020 1 1 1 0 0 0 0 0 0 0 0 0 0 0 0 0 0 0 0
220021 1 1 1 0 0 0 0 0 0 0 0 0 0 0 0 0 0 0 0
220022 1 1 1 0 0 0 0 0 0 0 0 0 0 0 0 0 0 0 0
220023 1 1 1 0 0 0 0 0 0 0 0 0 0 0 0 0 0 0 0
220024 1 1 1 0 0 0 0 0 0 0 0 0 0 0 0 0 0 0 0
220025 1 1 1 0 0 0 0 0 0 0 0 0 0 0 0 0 0 0 0
220026 1 1 1 0 0 0 0 0 0 0 0 0 0 0 0 0 0 0 0
220027 1 1 1 0 0 0 0 0 0 0 0 0 0 0 0 0 0 0 0
220028 1 1 1 0 0 0 0 0 0 0 0 0 0 0 0 0 0 0 0
220029 1 1 1 0 0 0 0 0 0 0 0 0 0 0 0 0 0 0 0
220030 1 1 1 0 0 0 0 0 0 0 0 0 0 0 0 0 0 0 0
220031 1 1 1 0 0 0 0 0 0 0 0 0 0 0 0 0 0 0 0
220032 1 1 1 0 0 0 0 0 0 0 0 0 0 0 0 0 0 0 0
220033 1 1 1 0 0 0 0 0 0 0 0 0 0 0 0 0 0 0 0
220034 1 1 1 0 0 0 0 0 0 0 0 0 0 0 0 0 0 0 0
220035 1 1 1 0 0 0 0 0 0 0 0 0 0 0 0 0 0 0 0
220036 1 1 1 0 0 0 0 0 0 0 0 0 0 0 0 0 0 0 0
220037 1 1 1 0 0 0 0 0 0 0 0 0 0 0 0 0 0 0 0
220038 1 1 1 0 0 0 0 0 0 0 0 0 0 0 0 0 0 0 0
220039 1 1 1 0 0 0 0 0 0 0 0 0 0 0 0 0 0 0 0
220040 1 1 1 0 0 0 0 0 0 0 0 0 0 0 0 0 0 0 0
220041 1 1 1 0 0 0 0 0 0 0 0 0 0 0 0 0 0 0 0
220042 1 1 1 0 0 0 0 0 0 0 0 0 0 0 0 0 0 0 0
220043 1 1 1 0 0 0 0 0 0 0 0 0 0 0 0 0 0 0 0
220044 1 1 1 0 0 0 0 0 0 0 0 0 0 0 0 0 0 0 0
220045 1 1 1 0 0 0 0 0 0 0 0 0 0 0 0 0 0 0 0
220046 1 1 1 0 0 0 0 0 0 0 0 0 0 0 0 0 0 0 0
220047 1 1 1 0 0 0 0 0 0 0 0 0 0 0 0 0 0 0 0
220048 1 1 1 0 0 0 0 0 0 0 0 0 0 0 0 0 0 0 0
220049 1 1 1 0 0 0 0 0 0 0 0 0 0 0 0 0 0 0 0
220050 1 1 1 0 0 0 0 0 0 0 0 0 0 0 0 0 0 0 0
220051 1 1 1 0 0 0 0 0 0 0 0 0 0 0 0 0 0 0 0
220052 1 1 1 0 0 0 0 0 0 0 0 0 0 0 0 0 0 0 0
220053 1 1 1 0 0 0 0 0 0 0 0 0 0 0 0 0 0 0 0
220054 1 1 1 0 0 0 0 0 0 0 0 0 0 0 0 0 0 0 0
220055 1 1 1 0 0 0 0 0 0 0 0 0 0 0 0 0 0 0 0
220056 1 1 1 0 0 0 0 0 0 0 0 0 0 0 0 0 0 0 0
220057 1 1 1 0 0 0 0 0 0 0 0 0 0 0 0 0 0 0 0
220058 1 1 1 0 0 0 0 0 0 0 0 0 0 0 0 0 0 0 0
220059 1 1 1 0 0 0 0 0 0 0 0 0 0 0 0 0 0 0 0
220060 1 1 1 0 0 0 0 0 0 0 0 0 0 0 0 0 0 0 0
220061 1 1 1 0 0 0 0 0 0 0 0 0 0 0 0 0 0 0 0
220062 1 1 1 0 0 0 0 0 0 0 0 0 0 0 0 0 0 0 0
220063 1 1 1 0 0 0 0 0 0 0 0 0 0 0 0 0 0 0 0
220064 1 1 1 0 0 0 0 0 0 0 0 0 0 0 0 0 0 0 0
220065 1 1 1 0 0 0 0 0 0 0 0 0 0 0 0 0 0 0 0
220066 1 1 1 0 0 0 0 0 0 0 0 0 0 0 0 0 0 0 0
220067 1 1 1 0 0 0 0 0 0 0 0 0 0 0 0 0 0 0 0
220068 1 1 1 0 0 0 0 0 0 0 0 0 0 0 0 0 0 0 0
220069 1 1 1 0 0 0 0 0 0 0 0 0 0 0 0 0 0 0 0
220070 1 1 1 0 0 0 0 0 0 0 0 0 0 0 0 0 0 0 0
220071 1 1 1 0 0 0 0 0 0 0 0 0 0 0 0 0 0 0 0
220072 1 1 1 0 0 0 0 0 0 0 0 0 0 0 0 0 0 0 0
220073 1 1 1 0 0 0 0 0 0 0 0 0 0 0 0 0 0 0 0
220074 1 1 1 0 0 0 0 0 0 0 0 0 0 0 0 0 0 0 0
220075 1 1 1 0 0 0 0 0 0 0 0 0 0 0 0 0 0 0 0
220076 1 1 1 0 0 0 0 0 0 0 0 0 0 0 0 0 0 0 0
220077 1 1 1 0 0 0 0 0 0 0 0 0 0 0 0 0 0 0 0
220078 1 1 1 0 0 0 0 0 0 0 0 0 0 0 0 0 0 0 0
220079 1 1 1 0 0 0 0 0 0 0 0 0 0 0 0 0 0 0 0
220080 1 1 1 0 0 0 0 0 0 0 0 0 0 0 0 0 0 0 0
220081 1 1 1 0 0 0 0 0 0 0 0 0 0 0 0 0 0 0 0
220082 1 1 1 0 0 0 0 0 0 0 0 0 0 0 0 0 0 0 0
220083 1 1 1 0 0 0 0 0 0 0 0 0 0 0 0 0 0 0 0
220084 1 1 1 0 0 0 0 0 0 0 0 0 0 0 0 0 0 0 0
220085 1 1 1 0 0 0 0 0 0 0 0 0 0 0 0 0 0 0 0
220086 1 1 1 0 0 0 0 0 0 0 0 0 0 0 0 0 0 0 0
220087 1 1 1 0 0 0 0 0 0 0 0 0 0 0 0 0 0 0 0
220088 1 1 1 0 0 0 0 0 0 0 0 0 0 0 0 0 0 0 0
220089 1 1 1 0 0 0 0 0 0 0 0 0 0 0 0 0 0 0 0
220090 1 1 1 0 0 0 0 0 0 0 0 0 0 0 0 0 0 0 0
220091 1 1 1 0 0 0 0 0 0 0 0 0 0 0 0 0 0 0 0
220092 1 1 1 0 0 0 0 0 0 0 0 0 0 0 0 0 0 0 0
220093 1 1 1 0 0 0 0 0 0 0 0 0 0 0 0 0 0 0 0
220094 1 1 1 0 0 0 0 0 0 0 0 0 0 0 0 0 0 0 0
220095 1 1 1 0 0 0 0 0 0 0 0 0 0 0 0 0 0 0 0
220096 1 1 1 0 0 0 0 0 0 0 0 0 0 0 0 0 0 0 0
220097 1 1 1 0 0 0 0 0 0 0 0 0 0 0 0 0 0 0 0
220098 1 1 1 0 0 0 0 0 0 0 0 0 0 0 0 0 0 0 0
220099 1 1 1 0 0 0 0 0 0 0 0 0 0 0 0 0 0 0 0
220100 1 1 1 0 0 0 0 0 0 0 0 0 0 0 0 0 0 0 0
220101 1 1 1 0 0 0 0 0 0 0 0 0 0 0 0 0 0 0 0
220102 1 1 1 0 0 0 0 0 0 0 0 0 0 0 0 0 0 0 0
220103 1 1 1 0 0 0 0 0 0 0 0 0 0 0 0 0 0 0 0
220104 1 1 1 0 0 0 0 0 0 0 0 0 0 0 0 0 0 0 0
220105 1 1 1 0 0 0 0 0 0 0 0 0 0 0 0 0 0 0 0
220106 1 1 1 0 0 0 0 0 0 0 0 0 0 0 0 0 0 0 0
220107 1 1 1 0 0 0 0 0 0 0 0 0 0 0 0 0 0 0 0
220108 1 1 1 0 0 0 0 0 0 0 0 0 0 0 0 0 0 0 0
220109 1 1 1 0 0 0 0 0 0 0 0 0 0 0 0 0 0 0 0
220110 1 1 1 0 0 0 0 0 0 0 0 0 0 0 0 0 0 0 0
220111 1 1 1 0 0 0 0 0 0 0 0 0 0 0 0 0 0 0 0
220112 1 1 1 0 0 0 0 0 0 0 0 0 0 0 0 0 0 0 0
220113 1 1 1 0 0 0 0 0 0 0 0 0 0 0 0 0 0 0 0
220114 1 1 1 0 0 0 0 0 0 0 0 0 0 0 0 0 0 0 0
220115 1 1 1 0 0 0 0 0 0 0 0 0 0 0 0 0 0 0 0
220116 1 1 1 0 0 0 0 0 0 0 0 0 0 0 0 0 0 0 0
220117 1 1 1 0 0 0 0 0 0 0 0 0 0 0 0 0 0 0 0
220118 1 1 1 0 0 0 0 0 0 0 0 0 0 0 0 0 0 0 0
220119 1 1 1 0 0 0 0 0 0 0 0 0 0 0 0 0 0 0 0
220120 1 1 1 0 0 0 0 0 0 0 0 0 0 0 0 0 0 0 0
220121 1 1 1 0 0 0 0 0 0 0 0 0 0 0 0 0 0 0 0
220122 1 1 1 0 0 0 0 0 0 0 0 0 0 0 0 0 0 0 0
220123 1 1 1 0 0 0 0 0 0 0 0 0 0 0 0 0 0 0 0
220124 1 1 1 0 0 0 0 0 0 0 0 0 0 0 0 0 0 0 0
220125 1 1 1 0 0 0 0 0 0 0 0 0 0 0 0 0 0 0 0
220126 1 1 1 0 0 0 0 0 0 0 0 0 0 0 0 0 0 0 0
220127 1 1 1 0 0 0 0 0 0 0 0 0 0 0 0 0 0 0 0
220128 1 1 1 0 0 0 0 0 0 0 0 0 0 0 0 0 0 0 0
220129 1 1 1 0 0 0 0 0 0 0 0 0 0 0 0 0 0 0 0
220130 1 1 1 0 0 0 0 0 0 0 0 0 0 0 0 0 0 0 0
220131 1 1 1 0 0 0 0 0 0 0 0 0 0 0 0 0 0 0 0
220132 1 1 1 0 0 0 0 0 0 0 0 0 0 0 0 0 0 0 0
220133 1 1 1 0 0 0 0 0 0 0 0 0 0 0 0 0 0 0 0
220134 1 1 1 0 0 0 0 0 0 0 0 0 0 0 0 0 0 0 0
220135 1 1 1 0 0 0 0 0 0 0 0 0 0 0 0 0 0 0 0
220136 1 1 1 0 0 0 0 0 0 0 0 0 0 0 0 0 0 0 0
220137 1 1 1 0 0 0 0 0 0 0 0 0 0 0 0 0 0 0 0
220138 1 1 1 0 0 0 0 0 0 0 0 0 0 0 0 0 0 0 0
220139 1 1 1 0 0 0 0 0 0 0 0 0 0 0 0 0 0 0 0
220140 1 1 1 0 0 0 0 0 0 0 0 0 0 0 0 0 0 0 0
220141 1 1 1 0 0 0 0 0 0 0 0 0 0 0 0 0 0 0 0
220142 1 1 1 0 0 0 0 0 0 0 0 0 0 0 0 0 0 0 0
220143 1 1 1 0 0 0 0 0 0 0 0 0 0 0 0 0 0 0 0
220144 1 1 1 0 0 0 0 0 0 0 0 0 0 0 0 0 0 0 0
220145 1 1 1 0 0 0 0 0 0 0 0 0 0 0 0 0 0 0 0
220146 1 1 1 0 0 0 0 0 0 0 0 0 0 0 0 0 0 0 0
220147 1 1 1 0 0 0 0 0 0 0 0 0 0 0 0 0 0 0 0
220148 1 1 1 0 0 0 0 0 0 0 0 0 0 0 0 0 0 0 0
220149 1 1 1 0 0 0 0 0 0 0 0 0 0 0 0 0 0 0 0
220150 1 1 1 0 0 0 0 0 0 0 0 0 0 0 0 0 0 0 0
220151 1 1 1 0 0 0 0 0 0 0 0 0 0 0 0 0 0 0 0
220152 1 1 1 0 0 0 0 0 0 0 0 0 0 0 0 0 0 0 0
220153 1 1 1 0 0 0 0 0 0 0 0 0 0 0 0 0 0 0 0
220154 1 1 1 0 0 0 0 0 0 0 0 0 0 0 0 0 0 0 0
220155 1 1 1 0 0 0 0 0 0 0 0 0 0 0 0 0 0 0 0
220156 1 1 1 0 0 0 0 0 0 0 0 0 0 0 0 0 0 0 0
220157 1 1 1 0 0 0 0 0 0 0 0 0 0 0 0 0 0 0 0
220158 1 1 1 0 0 0 0 0 0 0 0 0 0 0 0 0 0 0 0
220159 1 1 1 0 0 0 0 0 0 0 0 0 0 0 0 0 0 0 0
220160 1 1 1 0 0 0 0 0 0 0 0 0 0 0 0 0 0 0 0
220161 1 1 1 0 0 0 0 0 0 0 0 0 0 0 0 0 0 0 0
220162 1 1 1 0 0 0 0 0 0 0 0 0 0 0 0 0 0 0 0
220163 1 1 1 0 0 0 0 0 0 0 0 0 0 0 0 0 0 0 0
220164 1 1 1 0 0 0 0 0 0 0 0 0 0 0 0 0 0 0 0
220165 1 1 1 0 0 0 0 0 0 0 0 0 0 0 0 0 0 0 0
220166 1 1 1 0 0 0 0 0 0 0 0 0 0 0 0 0 0 0 0
220167 1 1 1 0 0 0 0 0 0 0 0 0 0 0 0 0 0 0 0
220168 1 1 1 0 0 0 0 0 0 0 0 0 0 0 0 0 0 0 0
220169 1 1 1 0 0 0 0 0 0 0 0 0 0 0 0 0 0 0 0
220170 1 1 1 0 0 0 0 0 0 0 0 0 0 0 0 0 0 0 0
220171 1 1 1 0 0 0 0 0 0 0 0 0 0 0 0 0 0 0 0
220172 1 1 1 0 0 0 0 0 0 0 0 0 0 0 0 0 0 0 0
220173 1 1 1 0 0 0 0 0 0 0 0 0 0 0 0 0 0 0 0
220174 1 1 1 0 0 0 0 0 0 0 0 0 0 0 0 0 0 0 0
220175 1 1 1 0 0 0 0 0 0 0 0 0 0 0 0 0 0 0 0
220176 1 1 1 0 0 0 0 0 0 0 0 0 0 0 0 0 0 0 0
220177 1 1 1 0 0 0 0 0 0 0 0 0 0 0 0 0 0 0 0
220178 1 1 1 0 0 0 0 0 0 0 0 0 0 0 0 0 0 0 0
220179 1 1 1 0 0 0 0 0 0 0 0 0 0 0 0 0 0 0 0
220180 1 1 1 0 0 0 0 0 0 0 0 0 0 0 0 0 0 0 0
220181 1 1 1 0 0 0 0 0 0 0 0 0 0 0 0 0 0 0 0
220182 1 1 1 0 0 0 0 0 0 0 0 0 0 0 0 0 0 0 0
220183 1 1 1 0 0 0 0 0 0 0 0 0 0 0 0 0 0 0 0
220184 1 1 1 0 0 0 0 0 0 0 0 0 0 0 0 0 0 0 0
220185 1 1 1 0 0 0 0 0 0 0 0 0 0 0 0 0 0 0 0
220186 1 1 1 0 0 0 0 0 0 0 0 0 0 0 0 0 0 0 0
220187 1 1 1 0 0 0 0 0 0 0 0 0 0 0 0 0 0 0 0
220188 1 1 1 0 0 0 0 0 0 0 0 0 0 0 0 0 0 0 0
220189 1 1 1 0 0 0 0 0 0 0 0 0 0 0 0 0 0 0 0
220190 1 1 1 0 0 0 0 0 0 0 0 0 0 0 0 0 0 0 0
220191 1 1 1 0 0 0 0 0 0 0 0 0 0 0 0 0 0 0 0
220192 1 1 1 0 0 0 0 0 0 0 0 0 0 0 0 0 0 0 0
220193 1 1 1 0 0 0 0 0 0 0 0 0 0 0 0 0 0 0 0
220194 1 1 1 0 0 0 0 0 0 0 0 0 0 0 0 0 0 0 0
220195 1 1 1 0 0 0 0 0 0 0 0 0 0 0 0 0 0 0 0
220196 1 1 1 0 0 0 0 0 0 0 0 0 0 0 0 0 0 0 0
220197 1 1 1 0 0 0 0 0 0 0 0 0 0 0 0 0 0 0 0
220198 1 1 1 0 0 0 0 0 0 0 0 0 0 0 0 0 0 0 0
220199 1 1 1 0 0 0 0 0 0 0 0 0 0 0 0 0 0 0 0
220200 1 1 1 0 0 0 0 0 0 0 0 0 0 0 0 0 0 0 0
220201 1 1 1 0 0 0 0 0 0 0 0 0 0 0 0 0 0 0 0
220202 1 1 1 0 0 0 0 0 0 0 0 0 0 0 0 0 0 0 0
220203 1 1 1 0 0 0 0 0 0 0 0 0 0 0 0 0 0 0 0
220204 1 1 1 0 0 0 0 0 0 0 0 0 0 0 0 0 0 0 0
220205 1 1 1 0 0 0 0 0 0 0 0 0 0 0 0 0 0 0 0
220206 1 1 1 0 0 0 0 0 0 0 0 0 0 0 0 0 0 0 0
220207 1 1 1 0 0 0 0 0 0 0 0 0 0 0 0 0 0 0 0
220208 1 1 1 0 0 0 0 0 0 0 0 0 0 0 0 0 0 0 0
220209 1 1 1 0 0 0 0 0 0 0 0 0 0 0 0 0 0 0 0
220210 1 1 1 0 0 0 0 0 0 0 0 0 0 0 0 0 0 0 0
220211 1 1 1 0 0 0 0 0 0 0 0 0 0 0 0 0 0 0 0
220212 1 1 1 0 0 0 0 0 0 0 0 0 0 0 0 0 0 0 0
220213 1 1 1 0 0 0 0 0 0 0 0 0 0 0 0 0 0 0 0
220214 1 1 1 0 0 0 0 0 0 0 0 0 0 0 0 0 0 0 0
220215 1 1 1 0 0 0 0 0 0 0 0 0 0 0 0 0 0 0 0
220216 1 1 1 0 0 0 0 0 0 0 0 0 0 0 0 0 0 0 0
220217 1 1 1 0 0 0 0 0 0 0 0 0 0 0 0 0 0 0 0
220218 1 1 1 0 0 0 0 0 0 0 0 0 0 0 0 0 0 0 0
220219 1 1 1 0 0 0 0 0 0 0 0 0 0 0 0 0 0 0 0
220220 1 1 1 0 0 0 0 0 0 0 0 0 0 0 0 0 0 0 0
220221 1 1 1 0 0 0 0 0 0 0 0 0 0 0 0 0 0 0 0
220222 1 1 1 0 0 0 0 0 0 0 0 0 0 0 0 0 0 0 0
220223 1 1 1 0 0 0 0 0 0 0 0 0 0 0 0 0 0 0 0
220224 1 1 1 0 0 0 0 0 0 0 0 0 0 0 0 0 0 0 0
220225 1 1 1 0 0 0 0 0 0 0 0 0 0 0 0 0 0 0 0
220226 1 1 1 0 0 0 0 0 0 0 0 0 0 0 0 0 0 0 0
220227 1 1 1 0 0 0 0 0 0 0 0 0 0 0 0 0 0 0 0
220228 1 1 1 0 0 0 0 0 0 0 0 0 0 0 0 0 0 0 0
220229 1 1 1 0 0 0 0 0 0 0 0 0 0 0 0 0 0 0 0
220230 1 1 1 0 0 0 0 0 0 0 0 0 0 0 0 0 0 0 0
220231 1 1 1 0 0 0 0 0 0 0 0 0 0 0 0 0 0 0 0
220232 1 1 1 0 0 0 0 0 0 0 0 0 0 0 0 0 0 0 0
220233 1 1 1 0 0 0 0 0 0 0 0 0 0 0 0 0 0 0 0
220234 1 1 1 0 0 0 0 0 0 0 0 0 0 0 0 0 0 0 0
220235 1 1 1 0 0 0 0 0 0 0 0 0 0 0 0 0 0 0 0
220236 1 1 1 0 0 0 0 0 0 0 0 0 0 0 0 0 0 0 0
220237 1 1 1 0 0 0 0 0 0 0 0 0 0 0 0 0 0 0 0
220238 1 1 1 0 0 0 0 0 0 0 0 0 0 0 0 0 0 0 0
220239 1 1 1 0 0 0 0 0 0 0 0 0 0 0 0 0 0 0 0
220240 1 1 1 0 0 0 0 0 0 0 0 0 0 0 0 0 0 0 0
220241 1 1 1 0 0 0 0 0 0 0 0 0 0 0 0 0 0 0 0
220242 1 1 1 0 0 0 0 0 0 0 0 0 0 0 0 0 0 0 0
220243 1 1 1 0 0 0 0 0 0 0 0 0 0 0 0 0 0 0 0
220244 1 1 1 0 0 0 0 0 0 0 0 0 0 0 0 0 0 0 0
220245 1 1 1 0 0 0 0 0 0 0 0 0 0 0 0 0 0 0 0
220246 1 1 1 0 0 0 0 0 0 0 0 0 0 0 0 0 0 0 0
220247 1 1 1 0 0 0 0 0 0 0 0 0 0 0 0 0 0 0 0
220248 1 1 1 0 0 0 0 0 0 0 0 0 0 0 0 0 0 0 0
220249 1 1 1 0 0 0 0 0 0 0 0 0 0 0 0 0 0 0 0
220250 1 1 1 0 0 0 0 0 0 0 0 0 0 0 0 0 0 0 0
220251 1 1 1 0 0 0 0 0 0 0 0 0 0 0 0 0 0 0 0
220252 1 1 1 0 0 0 0 0 0 0 0 0 0 0 0 0 0 0 0
220253 1 1 1 0 0 0 0 0 0 0 0 0 0 0 0 0 0 0 0
220254 1 1 1 0 0 0 0 0 0 0 0 0 0 0 0 0 0 0 0
220255 1 1 1 0 0 0 0 0 0 0 0 0 0 0 0 0 0 0 0
220256 1 1 1 0 0 0 0 0 0 0 0 0 0 0 0 0 0 0 0
220257 1 1 1 0 0 0 0 0 0 0 0 0 0 0 0 0 0 0 0
220258 1 1 1 0 0 0 0 0 0 0 0 0 0 0 0 0 0 0 0
220259 1 1 1 0 0 0 0 0 0 0 0 0 0 0 0 0 0 0 0
220260 1 1 1 0 0 0 0 0 0 0 0 0 0 0 0 0 0 0 0
220261 1 1 1 0 0 0 0 0 0 0 0 0 0 0 0 0 0 0 0
220262 1 1 1 0 0 0 0 0 0 0 0 0 0 0 0 0 0 0 0
220263 1 1 1 0 0 0 0 0 0 0 0 0 0 0 0 0 0 0 0
220264 1 1 1 0 0 0 0 0 0 0 0 0 0 0 0 0 0 0 0
220265 1 1 1 0 0 0 0 0 0 0 0 0 0 0 0 0 0 0 0
220266 1 1 1 0 0 0 0 0 0 0 0 0 0 0 0 0 0 0 0
220267 1 1 1 0 0 0 0 0 0 0 0 0 0 0 0 0 0 0 0
220268 1 1 1 0 0 0 0 0 0 0 0 0 0 0 0 0 0 0 0
220269 1 1 1 0 0 0 0 0 0 0 0 0 0 0 0 0 0 0 0
220270 1 1 1 0 0 0 0 0 0 0 0 0 0 0 0 0 0 0 0
220271 1 1 1 0 0 0 0 0 0 0 0 0 0 0 0 0 0 0 0
220272 1 1 1 0 0 0 0 0 0 0 0 0 0 0 0 0 0 0 0
220273 1 1 1 0 0 0 0 0 0 0 0 0 0 0 0 0 0 0 0
220274 1 1 1 0 0 0 0 0 0 0 0 0 0 0 0 0 0 0 0
220275 1 1 1 0 0 0 0 0 0 0 0 0 0 0 0 0 0 0 0
225295 1 1 1 0 0 0 0 0 0 0 0 0 0 0 0 0 0 0 0
225296 1 1 1 0 0 0 0 0 0 0 0 0 0 0 0 0 0 0 0
225297 1 1 1 0 0 0 0 0 0 0 0 0 0 0 0 0 0 0 0
225298 1 1 1 0 0 0 0 0 0 0 0 0 0 0 0 0 0 0 0
225299 1 1 1 0 0 0 0 0 0 0 0 0 0 0 0 0 0 0 0
225300 1 1 1 0 0 0 0 0 0 0 0 0 0 0 0 0 0 0 0
225301 1 1 1 0 0 0 0 0 0 0 0 0 0 0 0 0 0 0 0
225302 1 1 1 0 0 0 0 0 0 0 0 0 0 0 0 0 0 0 0
225303 1 1 1 0 0 0 0 0 0 0 0 0 0 0 0 0 0 0 0
225304 1 1 1 0 0 0 0 0 0 0 0 0 0 0 0 0 0 0 0
225305 1 1 1 0 0 0 0 0 0 0 0 0 0 0 0 0 0 0 0
225306 1 1 1 0 0 0 0 0 0 0 0 0 0 0 0 0 0 0 0
225307 1 1 1 0 0 0 0 0 0 0 0 0 0 0 0 0 0 0 0
225308 1 1 1 0 0 0 0 0 0 0 0 0 0 0 0 0 0 0 0
225293 1 1 0 0 0 0 0 0 0 0 0 0 0 0 0 0 0 0 0
225294 1 1 0 0 0 0 0 0 0 0 0 0 0 0 0 0 0 0 0
225290 1 1 1 0 0 0 0 0 0 0 0 0 0 0 0 0 0 0 0
225291 1 1 1 0 0 0 0 0 0 0 0 0 0 0 0 0 0 0 0
225292 1 1 1 0 0 0 0 0 0 0 0 0 0 0 0 0 0 0 0
220000 1 1 1 0 0 0 0 0 0 0 0 0 0 0 0 0 0 0 0
220001 1 1 1 0 0 0 0 0 0 0 0 0 0 0 0 0 0 0 0
220002 1 1 1 0 0 0 0 0 0 0 0 0 0 0 0 0 0 0 0
220003 1 1 1 0 0 0 0 0 0 0 0 0 0 0 0 0 0 0 0
220004 1 1 1 0 0 0 0 0 0 0 0 0 0 0 0 0 0 0 0
220005 1 1 1 0 0 0 0 0 0 0 0 0 0 0 0 0 0 0 0
220006 1 1 1 0 0 0 0 0 0 0 0 0 0 0 0 0 0 0 0
220007 1 1 1 0 0 0 0 0 0 0 0 0 0 0 0 0 0 0 0
230039 5 5 0 0 0 0 0 0 0 0 0 0 0 0 0 0 0 0 0
230040 1 1 0 0 0 0 0 0 0 0 0 0 0 0 0 0 0 0 0
230041 2 2 0 0 0 0 0 0 0 0 0 0 0 0 0 0 0 0 0
230062 8 5 0 0 0 0 0 0 0 0 0 0 0 0 0 0 0 0 0
230063 5 10 0 0 0 0 0 0 0 0 0 0 0 0 0 0 0 0 0
230064 4 5 0 0 0 0 0 0 0 0 0 0 0 0 0 0 0 0 0
230065 5 9 0 0 0 0 0 0 0 0 0 0 0 0 0 0 0 0 0
230066 8 6 0 0 0 0 0 0 0 0 0 0 0 0 0 0 0 0 0
230067 1 1 0 0 0 0 0 0 0 0 0 0 0 0 0 0 0 0 0
230068 1 1 0 0 0 0 0 0 0 0 0 0 0 0 0 0 0 0 0
230069 1 1 0 0 0 0 0 0 0 0 0 0 0 0 0 0 0 0 0
230070 1 1 0 0 0 0 0 0 0 0 0 0 0 0 0 0 0 0 0
230071 1 1 0 0 0 0 0 0 0 0 0 0 0 0 0 0 0 0 0
230072 1 1 0 0 0 0 0 0 0 0 0 0 0 0 0 0 0 0 0
230073 1 1 0 0 0 0 0 0 0 0 0 0 0 0 0 0 0 0 0
230074 1 1 0 0 0 0 0 0 0 0 0 0 0 0 0 0 0 0 0
230075 1 1 0 0 0 0 0 0 0 0 0 0 0 0 0 0 0 0 0
230076 1 1 0 0 0 0 0 0 0 0 0 0 0 0 0 0 0 0 0
230077 1 1 0 0 0 0 0 0 0 0 0 0 0 0 0 0 0 0 0
230078 1 1 0 0 0 0 0 0 0 0 0 0 0 0 0 0 0 0 0
230079 1 1 0 0 0 0 0 0 0 0 0 0 0 0 0 0 0 0 0
230080 1 1 0 0 0 0 0 0 0 0 0 0 0 0 0 0 0 0 0
230081 1 1 0 0 0 0 0 0 0 0 0 0 0 0 0 0 0 0 0
230082 1 1 0 0 0 0 0 0 0 0 0 0 0 0 0 0 0 0 0
230083 1 1 0 0 0 0 0 0 0 0 0 0 0 0 0 0 0 0 0
230084 1 1 0 0 0 0 0 0 0 0 0 0 0 0 0 0 0 0 0
230085 1 1 0 0 0 0 0 0 0 0 0 0 0 0 0 0 0 0 0
230086 1 1 0 0 0 0 0 0 0 0 0 0 0 0 0 0 0 0 0
230087 1 1 0 0 0 0 0 0 0 0 0 0 0 0 0 0 0 0 0
230088 1 1 0 0 0 0 0 0 0 0 0 0 0 0 0 0 0 0 0
230089 1 1 0 0 0 0 0 0 0 0 0 0 0 0 0 0 0 0 0
230090 1 1 0 0 0 0 0 0 0 0 0 0 0 0 0 0 0 0 0
230092 1 1 0 0 0 0 0 0 0 0 0 0 0 0 0 0 0 0 0
230093 1 1 0 0 0 0 0 0 0 0 0 0 0 0 0 0 0 0 0
230094 1 1 0 0 0 0 0 0 0 0 0 0 0 0 0 0 0 0 0
230095 1 1 0 0 0 0 0 0 0 0 0 0 0 0 0 0 0 0 0
230096 1 1 0 0 0 0 0 0 0 0 0 0 0 0 0 0 0 0 0
230097 1 1 0 0 0 0 0 0 0 0 0 0 0 0 0 0 0 0 0
230098 1 1 0 0 0 0 0 0 0 0 0 0 0 0 0 0 0 0 0
230099 1 1 0 0 0 0 0 0 0 0 0 0 0 0 0 0 0 0 0
230100 1 1 0 0 0 0 0 0 0 0 0 0 0 0 0 0 0 0 0
230101 1 1 0 0 0 0 0 0 0 0 0 0 0 0 0 0 0 0 0
230102 1 1 0 0 0 0 0 0 0 0 0 0 0 0 0 0 0 0 0
230103 1 1 0 0 0 0 0 0 0 0 0 0 0 0 0 0 0 0 0
230104 1 1 0 0 0 0 0 0 0 0 0 0 0 0 0 0 0 0 0
230105 1 1 0 0 0 0 0 0 0 0 0 0 0 0 0 0 0 0 0
230106 1 1 0 0 0 0 0 0 0 0 0 0 0 0 0 0 0 0 0
230107 1 1 0 0 0 0 0 0 0 0 0 0 0 0 0 0 0 0 0
230108 1 1 0 0 0 0 0 0 0 0 0 0 0 0 0 0 0 0 0
230109 1 1 0 0 0 0 0 0 0 0 0 0 0 0 0 0 0 0 0
230110 1 1 0 0 0 0 0 0 0 0 0 0 0 0 0 0 0 0 0
230111 1 1 0 0 0 0 0 0 0 0 0 0 0 0 0 0 0 0 0
230112 1 1 0 0 0 0 0 0 0 0 0 0 0 0 0 0 0 0 0
238043 1 1 1 0 0 0 0 0 0 0 0 0 0 0 0 0 0 0 0
238044 1 1 1 0 0 0 0 0 0 0 0 0 0 0 0 0 0 0 0
238045 1 1 1 0 0 0 0 0 0 0 0 0 0 0 0 0 0 0 0
238046 1 1 1 0 0 0 0 0 0 0 0 0 0 0 0 0 0 0 0
238047 1 1 1 0 0 0 0 0 0 0 0 0 0 0 0 0 0 0 0
238048 1 1 1 0 0 0 0 0 0 0 0 0 0 0 0 0 0 0 0
238049 1 1 1 0 0 0 0 0 0 0 0 0 0 0 0 0 0 0 0
238050 1 1 1 0 0 0 0 0 0 0 0 0 0 0 0 0 0 0 0
238051 1 1 1 0 0 0 0 0 0 0 0 0 0 0 0 0 0 0 0
238052 1 1 1 0 0 0 0 0 0 0 0 0 0 0 0 0 0 0 0
238053 1 1 1 0 0 0 0 0 0 0 0 0 0 0 0 0 0 0 0
238054 1 1 1 0 0 0 0 0 0 0 0 0 0 0 0 0 0 0 0
238055 1 1 1 0 0 0 0 0 0 0 0 0 0 0 0 0 0 0 0
238056 1 1 1 0 0 0 0 0 0 0 0 0 0 0 0 0 0 0 0
238057 1 1 1 0 0 0 0 0 0 0 0 0 0 0 0 0 0 0 0
238058 1 1 1 0 0 0 0 0 0 0 0 0 0 0 0 0 0 0 0
238059 1 1 1 0 0 0 0 0 0 0 0 0 0 0 0 0 0 0 0
238060 1 1 1 0 0 0 0 0 0 0 0 0 0 0 0 0 0 0 0
238061 1 1 1 0 0 0 0 0 0 0 0 0 0 0 0 0 0 0 0
238062 1 1 1 0 0 0 0 0 0 0 0 0 0 0 0 0 0 0 0
238063 1 1 1 0 0 0 0 0 0 0 0 0 0 0 0 0 0 0 0
238064 1 1 1 0 0 0 0 0 0 0 0 0 0 0 0 0 0 0 0
238090 1 1 1 0 0 0 0 0 0 0 0 0 0 0 0 0 0 0 0
238091 1 1 1 0 0 0 0 0 0 0 0 0 0 0 0 0 0 0 0
238092 1 1 1 0 0 0 0 0 0 0 0 0 0 0 0 0 0 0 0
238093 1 1 1 0 0 0 0 0 0 0 0 0 0 0 0 0 0 0 0
238094 3 5 0 0 0 0 0 0 0 0 0 0 0 0 0 0 0 0 0
238095 1 1 0 0 0 0 0 0 0 0 0 0 0 0 0 0 0 0 0
235000 1 1 0 0 0 0 0 0 0 0 0 0 0 0 0 0 0 0 0
235001 1 1 0 0 0 0 0 0 0 0 0 0 0 0 0 0 0 0 0
235002 1 1 0 0 0 0 0 0 0 0 0 0 0 0 0 0 0 0 0
235003 1 1 0 0 0 0 0 0 0 0 0 0 0 0 0 0 0 0 0
235004 1 1 0 0 0 0 0 0 0 0 0 0 0 0 0 0 0 0 0
235005 1 1 0 0 0 0 0 0 0 0 0 0 0 0 0 0 0 0 0
235006 1 1 0 0 0 0 0 0 0 0 0 0 0 0 0 0 0 0 0
235007 1 1 0 0 0 0 0 0 0 0 0 0 0 0 0 0 0 0 0
235008 1 1 0 0 0 0 0 0 0 0 0 0 0 0 0 0 0 0 0
235009 1 1 0 0 0 0 0 0 0 0 0 0 0 0 0 0 0 0 0
235010 1 1 0 0 0 0 0 0 0 0 0 0 0 0 0 0 0 0 0
235011 1 1 0 0 0 0 0 0 0 0 0 0 0 0 0 0 0 0 0
235012 1 1 0 0 0 0 0 0 0 0 0 0 0 0 0 0 0 0 0
235013 1 1 0 0 0 0 0 0 0 0 0 0 0 0 0 0 0 0 0
235014 1 1 0 0 0 0 0 0 0 0 0 0 0 0 0 0 0 0 0
235015 1 1 0 0 0 0 0 0 0 0 0 0 0 0 0 0 0 0 0
235016 1 1 0 0 0 0 0 0 0 0 0 0 0 0 0 0 0 0 0
235017 1 1 1 0 0 0 0 0 0 0 0 0 0 0 0 0 0 0 0
235018 1 1 1 0 0 0 0 0 0 0 0 0 0 0 0 0 0 0 0
235019 1 1 0 0 0 0 0 0 0 0 0 0 0 0 0 0 0 0 0
235020 1 1 0 0 0 0 0 0 0 0 0 0 0 0 0 0 0 0 0
235021 1 1 0 0 0 0 0 0 0 0 0 0 0 0 0 0 0 0 0
235022 1 1 0 0 0 0 0 0 0 0 0 0 0 0 0 0 0 0 0
235023 1 1 0 0 0 0 0 0 0 0 0 0 0 0 0 0 0 0 0
230042 4 3 0 0 0 0 0 0 0 0 0 0 0 0 0 0 0 0 0
230043 2 1 0 0 0 0 0 0 0 0 0 0 0 0 0 0 0 0 0
230044 2 1 0 0 0 0 0 0 0 0 0 0 0 0 0 0 0 0 0
230045 2 1 0 0 0 0 0 0 0 0 0 0 0 0 0 0 0 0 0
230046 1 1 1 0 0 0 0 0 0 0 0 0 0 0 0 0 0 0 0
230047 2 1 0 0 0 0 0 0 0 0 0 0 0 0 0 0 0 0 0
230048 2 1 0 0 0 0 0 0 0 0 0 0 0 0 0 0 0 0 0
230049 1 1 1 0 0 0 0 0 0 0 0 0 0 0 0 0 0 0 0
230050 1 1 1 0 0 0 0 0 0 0 0 0 0 0 0 0 0 0 0
230057 5 4 0 0 0 0 0 0 0 0 0 0 0 0 0 0 0 0 0
230058 1 1 1 0 0 0 0 0 0 0 0 0 0 0 0 0 0 0 0
230059 4 3 0 0 0 0 0 0 0 0 0 0 0 0 0 0 0 0 0
230060 1 1 0 0 0 0 0 0 0 0 0 0 0 0 0 0 0 0 0
230061 1 11 1 0 0 0 0 0 0 0 0 0 0 0 0 0 0 0 0
230091 1 11 1 0 0 0 0 0 0 0 0 0 0 0 0 0 0 0 0
230051 1 1 0 0 0 0 0 0 0 0 0 0 0 0 0 0 0 0 0
230052 1 1 0 0 0 0 0 0 0 0 0 0 0 0 0 0 0 0 0
230053 1 1 0 0 0 0 0 0 0 0 0 0 0 0 0 0 0 0 0
230054 1 1 0 0 0 0 0 0 0 0 0 0 0 0 0 0 0 0 0
230055 1 1 0 0 0 0 0 0 0 0 0 0 0 0 0 0 0 0 0
230056 1 1 0 0 0 0 0 0 0 0 0 0 0 0 0 0 0 0 0
230000 1 1 0 0 0 0 0 0 0 0 0 0 0 0 0 0 0 0 0
230001 1 1 0 0 0 0 0 0 0 0 0 0 0 0 0 0 0 0 0
230002 1 1 0 0 0 0 0 0 0 0 0 0 0 0 0 0 0 0 0
230003 2 2 0 0 0 0 0 0 0 0 0 0 0 0 0 0 0 0 0
230004 2 2 0 0 0 0 0 0 0 0 0 0 0 0 0 0 0 0 0
230005 2 1 0 0 0 0 0 0 0 0 0 0 0 0 0 0 0 0 0
230006 2 2 0 0 0 0 0 0 0 0 0 0 0 0 0 0 0 0 0
230007 1 1 0 0 0 0 0 0 0 0 0 0 0 0 0 0 0 0 0
230008 1 1 0 0 0 0 0 0 0 0 0 0 0 0 0 0 0 0 0
230009 1 1 0 0 0 0 0 0 0 0 0 0 0 0 0 0 0 0 0
230010 1 1 0 0 0 0 0 0 0 0 0 0 0 0 0 0 0 0 0
230011 1 1 0 0 0 0 0 0 0 0 0 0 0 0 0 0 0 0 0
230012 1 1 0 0 0 0 0 0 0 0 0 0 0 0 0 0 0 0 0
230013 1 1 0 0 0 0 0 0 0 0 0 0 0 0 0 0 0 0 0
230014 1 1 0 0 0 0 0 0 0 0 0 0 0 0 0 0 0 0 0
230015 1 1 1 0 0 0 0 0 0 0 0 0 0 0 0 0 0 0 0
230016 1 1 1 0 0 0 0 0 0 0 0 0 0 0 0 0 0 0 0
230017 1 1 1 0 0 0 0 0 0 0 0 0 0 0 0 0 0 0 0
230018 1 1 1 0 0 0 0 0 0 0 0 0 0 0 0 0 0 0 0
230019 1 1 1 0 0 0 0 0 0 0 0 0 0 0 0 0 0 0 0
230020 1 1 1 0 0 0 0 0 0 0 0 0 0 0 0 0 0 0 0
230021 1 1 1 0 0 0 0 0 0 0 0 0 0 0 0 0 0 0 0
230022 1 1 1 0 0 0 0 0 0 0 0 0 0 0 0 0 0 0 0
230023 1 1 0 0 0 0 0 0 0 0 0 0 0 0 0 0 0 0 0
230024 1 1 1 0 0 0 0 0 0 0 0 0 0 0 0 0 0 0 0
230025 1 1 1 0 0 0 0 0 0 0 0 0 0 0 0 0 0 0 0
230026 1 1 1 0 0 0 0 0 0 0 0 0 0 0 0 0 0 0 0
230027 1 1 1 0 0 0 0 0 0 0 0 0 0 0 0 0 0 0 0
230028 1 1 1 0 0 0 0 0 0 0 0 0 0 0 0 0 0 0 0
230029 1 1 1 0 0 0 0 0 0 0 0 0 0 0 0 0 0 0 0
230030 1 1 1 0 0 0 0 0 0 0 0 0 0 0 0 0 0 0 0
230031 1 1 1 0 0 0 0 0 0 0 0 0 0 0 0 0 0 0 0
230032 1 1 1 0 0 0 0 0 0 0 0 0 0 0 0 0 0 0 0
230033 1 1 0 0 0 0 0 0 0 0 0 0 0 0 0 0 0 0 0
230034 1 1 1 0 0 0 0 0 0 0 0 0 0 0 0 0 0 0 0
230035 1 1 0 0 0 0 0 0 0 0 0 0 0 0 0 0 0 0 0
230036 1 1 1 0 0 0 0 0 0 0 0 0 0 0 0 0 0 0 0
230037 1 1 0 0 0 0 0 0 0 0 0 0 0 0 0 0 0 0 0
230038 1 1 1 0 0 0 0 0 0 0 0 0 0 0 0 0 0 0 0
231000 1 1 0 0 0 0 0 0 0 0 0 0 0 0 0 0 0 0 0
231001 1 1 0 0 0 0 0 0 0 0 0 0 0 0 0 0 0 0 0
231002 1 1 0 0 0 0 0 0 0 0 0 0 0 0 0 0 0 0 0
231003 1 1 0 0 0 0 0 0 0 0 0 0 0 0 0 0 0 0 0
231004 1 1 0 0 0 0 0 0 0 0 0 0 0 0 0 0 0 0 0
231005 1 1 0 0 0 0 0 0 0 0 0 0 0 0 0 0 0 0 0
231006 1 1 0 0 0 0 0 0 0 0 0 0 0 0 0 0 0 0 0
231007 1 1 0 0 0 0 0 0 0 0 0 0 0 0 0 0 0 0 0
231008 1 1 0 0 0 0 0 0 0 0 0 0 0 0 0 0 0 0 0
231009 1 1 0 0 0 0 0 0 0 0 0 0 0 0 0 0 0 0 0
231010 1 1 0 0 0 0 0 0 0 0 0 0 0 0 0 0 0 0 0
231011 1 1 0 0 0 0 0 0 0 0 0 0 0 0 0 0 0 0 0
231012 1 1 0 0 0 0 0 0 0 0 0 0 0 0 0 0 0 0 0
231013 1 1 0 0 0 0 0 0 0 0 0 0 0 0 0 0 0 0 0
231014 1 1 0 0 0 0 0 0 0 0 0 0 0 0 0 0 0 0 0
231015 1 1 0 0 0 0 0 0 0 0 0 0 0 0 0 0 0 0 0
231016 1 1 0 0 0 0 0 0 0 0 0 0 0 0 0 0 0 0 0
231017 1 1 0 0 0 0 0 0 0 0 0 0 0 0 0 0 0 0 0
231018 1 1 0 0 0 0 0 0 0 0 0 0 0 0 0 0 0 0 0
231019 1 1 0 0 0 0 0 0 0 0 0 0 0 0 0 0 0 0 0
231020 1 1 0 0 0 0 0 0 0 0 0 0 0 0 0 0 0 0 0
231021 1 1 0 0 0 0 0 0 0 0 0 0 0 0 0 0 0 0 0
231022 1 1 0 0 0 0 0 0 0 0 0 0 0 0 0 0 0 0 0
231023 1 1 0 0 0 0 0 0 0 0 0 0 0 0 0 0 0 0 0
231024 1 1 0 0 0 0 0 0 0 0 0 0 0 0 0 0 0 0 0
231025 1 1 0 0 0 0 0 0 0 0 0 0 0 0 0 0 0 0 0
231026 1 1 0 0 0 0 0 0 0 0 0 0 0 0 0 0 0 0 0
231027 1 1 0 0 0 0 0 0 0 0 0 0 0 0 0 0 0 0 0
231028 1 1 0 0 0 0 0 0 0 0 0 0 0 0 0 0 0 0 0
231029 1 1 0 0 0 0 0 0 0 0 0 0 0 0 0 0 0 0 0
231030 1 1 0 0 0 0 0 0 0 0 0 0 0 0 0 0 0 0 0
231031 1 1 0 0 0 0 0 0 0 0 0 0 0 0 0 0 0 0 0
231032 1 1 0 0 0 0 0 0 0 0 0 0 0 0 0 0 0 0 0
231033 1 1 0 0 0 0 0 0 0 0 0 0 0 0 0 0 0 0 0
231034 1 1 0 0 0 0 0 0 0 0 0 0 0 0 0 0 0 0 0
231035 1 1 0 0 0 0 0 0 0 0 0 0 0 0 0 0 0 0 0
231036 1 1 0 0 0 0 0 0 0 0 0 0 0 0 0 0 0 0 0
231037 1 1 0 0 0 0 0 0 0 0 0 0 0 0 0 0 0 0 0
231038 1 1 0 0 0 0 0 0 0 0 0 0 0 0 0 0 0 0 0
231039 1 1 0 0 0 0 0 0 0 0 0 0 0 0 0 0 0 0 0
231040 1 1 0 0 0 0 0 0 0 0 0 0 0 0 0 0 0 0 0
231041 1 1 0 0 0 0 0 0 0 0 0 0 0 0 0 0 0 0 0
231042 1 1 0 0 0 0 0 0 0 0 0 0 0 0 0 0 0 0 0
231043 1 1 0 0 0 0 0 0 0 0 0 0 0 0 0 0 0 0 0
231044 1 1 0 0 0 0 0 0 0 0 0 0 0 0 0 0 0 0 0
231045 1 1 0 0 0 0 0 0 0 0 0 0 0 0 0 0 0 0 0
231046 1 1 0 0 0 0 0 0 0 0 0 0 0 0 0 0 0 0 0
231047 1 1 0 0 0 0 0 0 0 0 0 0 0 0 0 0 0 0 0
231048 1 1 0 0 0 0 0 0 0 0 0 0 0 0 0 0 0 0 0
231049 1 1 0 0 0 0 0 0 0 0 0 0 0 0 0 0 0 0 0
231050 1 1 0 0 0 0 0 0 0 0 0 0 0 0 0 0 0 0 0
231051 1 1 0 0 0 0 0 0 0 0 0 0 0 0 0 0 0 0 0
231052 1 1 0 0 0 0 0 0 0 0 0 0 0 0 0 0 0 0 0
231053 1 1 0 0 0 0 0 0 0 0 0 0 0 0 0 0 0 0 0
231054 1 1 0 0 0 0 0 0 0 0 0 0 0 0 0 0 0 0 0
231055 1 1 0 0 0 0 0 0 0 0 0 0 0 0 0 0 0 0 0
231056 1 1 0 0 0 0 0 0 0 0 0 0 0 0 0 0 0 0 0
231057 1 1 0 0 0 0 0 0 0 0 0 0 0 0 0 0 0 0 0
231058 1 1 0 0 0 0 0 0 0 0 0 0 0 0 0 0 0 0 0
231059 1 1 0 0 0 0 0 0 0 0 0 0 0 0 0 0 0 0 0
231060 1 1 0 0 0 0 0 0 0 0 0 0 0 0 0 0 0 0 0
231061 1 1 0 0 0 0 0 0 0 0 0 0 0 0 0 0 0 0 0
231062 1 1 0 0 0 0 0 0 0 0 0 0 0 0 0 0 0 0 0
231063 1 1 0 0 0 0 0 0 0 0 0 0 0 0 0 0 0 0 0
231064 1 1 0 0 0 0 0 0 0 0 0 0 0 0 0 0 0 0 0
231065 1 1 0 0 0 0 0 0 0 0 0 0 0 0 0 0 0 0 0
231066 1 1 0 0 0 0 0 0 0 0 0 0 0 0 0 0 0 0 0
231067 1 1 0 0 0 0 0 0 0 0 0 0 0 0 0 0 0 0 0
231068 1 1 0 0 0 0 0 0 0 0 0 0 0 0 0 0 0 0 0
231069 1 1 0 0 0 0 0 0 0 0 0 0 0 0 0 0 0 0 0
231070 1 1 0 0 0 0 0 0 0 0 0 0 0 0 0 0 0 0 0
231071 1 1 0 0 0 0 0 0 0 0 0 0 0 0 0 0 0 0 0
231072 1 1 0 0 0 0 0 0 0 0 0 0 0 0 0 0 0 0 0
231073 1 1 0 0 0 0 0 0 0 0 0 0 0 0 0 0 0 0 0
231074 1 1 0 0 0 0 0 0 0 0 0 0 0 0 0 0 0 0 0
231075 1 1 0 0 0 0 0 0 0 0 0 0 0 0 0 0 0 0 0
231076 1 1 0 0 0 0 0 0 0 0 0 0 0 0 0 0 0 0 0
231077 1 1 0 0 0 0 0 0 0 0 0 0 0 0 0 0 0 0 0
231078 1 1 0 0 0 0 0 0 0 0 0 0 0 0 0 0 0 0 0
231079 1 1 0 0 0 0 0 0 0 0 0 0 0 0 0 0 0 0 0
231080 1 1 0 0 0 0 0 0 0 0 0 0 0 0 0 0 0 0 0
231081 1 1 0 0 0 0 0 0 0 0 0 0 0 0 0 0 0 0 0
231082 1 1 0 0 0 0 0 0 0 0 0 0 0 0 0 0 0 0 0
231083 1 1 0 0 0 0 0 0 0 0 0 0 0 0 0 0 0 0 0
231084 1 1 0 0 0 0 0 0 0 0 0 0 0 0 0 0 0 0 0
231085 1 1 0 0 0 0 0 0 0 0 0 0 0 0 0 0 0 0 0
231086 1 1 0 0 0 0 0 0 0 0 0 0 0 0 0 0 0 0 0
231087 1 1 0 0 0 0 0 0 0 0 0 0 0 0 0 0 0 0 0
231088 1 1 0 0 0 0 0 0 0 0 0 0 0 0 0 0 0 0 0
231089 1 1 0 0 0 0 0 0 0 0 0 0 0 0 0 0 0 0 0
231090 1 1 0 0 0 0 0 0 0 0 0 0 0 0 0 0 0 0 0
231091 1 1 0 0 0 0 0 0 0 0 0 0 0 0 0 0 0 0 0
231092 1 1 0 0 0 0 0 0 0 0 0 0 0 0 0 0 0 0 0
231093 1 1 0 0 0 0 0 0 0 0 0 0 0 0 0 0 0 0 0
231094 1 1 0 0 0 0 0 0 0 0 0 0 0 0 0 0 0 0 0
231095 1 1 0 0 0 0 0 0 0 0 0 0 0 0 0 0 0 0 0
231096 1 1 0 0 0 0 0 0 0 0 0 0 0 0 0 0 0 0 0
231097 1 1 0 0 0 0 0 0 0 0 0 0 0 0 0 0 0 0 0
231098 1 1 0 0 0 0 0 0 0 0 0 0 0 0 0 0 0 0 0
231099 1 1 0 0 0 0 0 0 0 0 0 0 0 0 0 0 0 0 0
231100 1 1 0 0 0 0 0 0 0 0 0 0 0 0 0 0 0 0 0
231101 1 1 0 0 0 0 0 0 0 0 0 0 0 0 0 0 0 0 0
231102 1 1 0 0 0 0 0 0 0 0 0 0 0 0 0 0 0 0 0
231103 1 1 0 0 0 0 0 0 0 0 0 0 0 0 0 0 0 0 0
231104 1 1 0 0 0 0 0 0 0 0 0 0 0 0 0 0 0 0 0
231105 1 1 0 0 0 0 0 0 0 0 0 0 0 0 0 0 0 0 0
231106 1 1 0 0 0 0 0 0 0 0 0 0 0 0 0 0 0 0 0
231107 1 1 0 0 0 0 0 0 0 0 0 0 0 0 0 0 0 0 0
231108 1 1 0 0 0 0 0 0 0 0 0 0 0 0 0 0 0 0 0
231109 1 1 0 0 0 0 0 0 0 0 0 0 0 0 0 0 0 0 0
231110 1 1 0 0 0 0 0 0 0 0 0 0 0 0 0 0 0 0 0
231111 1 1 0 0 0 0 0 0 0 0 0 0 0 0 0 0 0 0 0
219 1 1 1 0 0 0 0 0 0 0 0 0 0 0 0 0 0 0 0
220 1 1 1 0 0 0 0 0 0 0 0 0 0 0 0 0 0 0 0
221 1 1 1 0 0 0 0 0 0 0 0 0 0 0 0 0 0 0 0
264 1 1 1 0 0 0 0 0 0 0 0 0 0 0 0 0 0 0 0
232500 1 1 0 0 0 0 0 0 0 0 0 0 0 0 0 0 0 0 0
232501 1 1 0 0 0 0 0 0 0 0 0 0 0 0 0 0 0 0 0
232502 1 1 0 0 0 0 0 0 0 0 0 0 0 0 0 0 0 0 0
232503 1 1 0 0 0 0 0 0 0 0 0 0 0 0 0 0 0 0 0
232504 1 1 0 0 0 0 0 0 0 0 0 0 0 0 0 0 0 0 0
232505 1 1 0 0 0 0 0 0 0 0 0 0 0 0 0 0 0 0 0
232506 1 1 0 0 0 0 0 0 0 0 0 0 0 0 0 0 0 0 0
232507 1 1 0 0 0 0 0 0 0 0 0 0 0 0 0 0 0 0 0
232508 1 1 0 0 0 0 0 0 0 0 0 0 0 0 0 0 0 0 0
232509 1 1 0 0 0 0 0 0 0 0 0 0 0 0 0 0 0 0 0
232510 1 1 0 0 0 0 0 0 0 0 0 0 0 0 0 0 0 0 0
232511 1 1 0 0 0 0 0 0 0 0 0 0 0 0 0 0 0 0 0
232512 1 1 0 0 0 0 0 0 0 0 0 0 0 0 0 0 0 0 0
232513 1 1 0 0 0 0 0 0 0 0 0 0 0 0 0 0 0 0 0
232514 1 1 0 0 0 0 0 0 0 0 0 0 0 0 0 0 0 0 0
232515 1 1 0 0 0 0 0 0 0 0 0 0 0 0 0 0 0 0 0
232516 1 1 0 0 0 0 0 0 0 0 0 0 0 0 0 0 0 0 0
232517 1 1 0 0 0 0 0 0 0 0 0 0 0 0 0 0 0 0 0
232518 1 1 0 0 0 0 0 0 0 0 0 0 0 0 0 0 0 0 0
232519 1 1 0 0 0 0 0 0 0 0 0 0 0 0 0 0 0 0 0
232520 1 1 0 0 0 0 0 0 0 0 0 0 0 0 0 0 0 0 0
232521 1 1 0 0 0 0 0 0 0 0 0 0 0 0 0 0 0 0 0
232522 1 1 0 0 0 0 0 0 0 0 0 0 0 0 0 0 0 0 0
232523 1 1 0 0 0 0 0 0 0 0 0 0 0 0 0 0 0 0 0
232524 1 1 0 0 0 0 0 0 0 0 0 0 0 0 0 0 0 0 0
232525 1 1 0 0 0 0 0 0 0 0 0 0 0 0 0 0 0 0 0
232526 1 1 0 0 0 0 0 0 0 0 0 0 0 0 0 0 0 0 0
232527 1 1 0 0 0 0 0 0 0 0 0 0 0 0 0 0 0 0 0
232528 1 1 0 0 0 0 0 0 0 0 0 0 0 0 0 0 0 0 0
232529 1 1 0 0 0 0 0 0 0 0 0 0 0 0 0 0 0 0 0
232530 1 1 0 0 0 0 0 0 0 0 0 0 0 0 0 0 0 0 0
232531 1 1 0 0 0 0 0 0 0 0 0 0 0 0 0 0 0 0 0
232532 1 1 0 0 0 0 0 0 0 0 0 0 0 0 0 0 0 0 0
232533 1 1 0 0 0 0 0 0 0 0 0 0 0 0 0 0 0 0 0
232534 1 1 0 0 0 0 0 0 0 0 0 0 0 0 0 0 0 0 0
232535 1 1 0 0 0 0 0 0 0 0 0 0 0 0 0 0 0 0 0
232536 1 1 0 0 0 0 0 0 0 0 0 0 0 0 0 0 0 0 0
232537 1 1 0 0 0 0 0 0 0 0 0 0 0 0 0 0 0 0 0
232538 1 1 0 0 0 0 0 0 0 0 0 0 0 0 0 0 0 0 0
232539 1 1 0 0 0 0 0 0 0 0 0 0 0 0 0 0 0 0 0
232540 1 1 0 0 0 0 0 0 0 0 0 0 0 0 0 0 0 0 0
232541 1 1 0 0 0 0 0 0 0 0 0 0 0 0 0 0 0 0 0
232542 1 1 0 0 0 0 0 0 0 0 0 0 0 0 0 0 0 0 0
232543 1 1 0 0 0 0 0 0 0 0 0 0 0 0 0 0 0 0 0
232544 1 1 0 0 0 0 0 0 0 0 0 0 0 0 0 0 0 0 0
232545 1 1 0 0 0 0 0 0 0 0 0 0 0 0 0 0 0 0 0
232546 1 1 0 0 0 0 0 0 0 0 0 0 0 0 0 0 0 0 0
232547 1 1 0 0 0 0 0 0 0 0 0 0 0 0 0 0 0 0 0
232548 1 1 0 0 0 0 0 0 0 0 0 0 0 0 0 0 0 0 0
232549 1 1 0 0 0 0 0 0 0 0 0 0 0 0 0 0 0 0 0
232550 1 1 0 0 0 0 0 0 0 0 0 0 0 0 0 0 0 0 0
232551 1 1 0 0 0 0 0 0 0 0 0 0 0 0 0 0 0 0 0
232552 1 1 0 0 0 0 0 0 0 0 0 0 0 0 0 0 0 0 0
232553 1 1 0 0 0 0 0 0 0 0 0 0 0 0 0 0 0 0 0
232554 1 1 0 0 0 0 0 0 0 0 0 0 0 0 0 0 0 0 0
232555 1 1 0 0 0 0 0 0 0 0 0 0 0 0 0 0 0 0 0
232556 1 1 0 0 0 0 0 0 0 0 0 0 0 0 0 0 0 0 0
232557 1 1 0 0 0 0 0 0 0 0 0 0 0 0 0 0 0 0 0
232558 1 1 0 0 0 0 0 0 0 0 0 0 0 0 0 0 0 0 0
232559 1 1 0 0 0 0 0 0 0 0 0 0 0 0 0 0 0 0 0
232560 1 1 0 0 0 0 0 0 0 0 0 0 0 0 0 0 0 0 0
232561 1 1 0 0 0 0 0 0 0 0 0 0 0 0 0 0 0 0 0
232562 1 1 0 0 0 0 0 0 0 0 0 0 0 0 0 0 0 0 0
232563 1 1 0 0 0 0 0 0 0 0 0 0 0 0 0 0 0 0 0
232564 1 1 0 0 0 0 0 0 0 0 0 0 0 0 0 0 0 0 0
232565 1 1 0 0 0 0 0 0 0 0 0 0 0 0 0 0 0 0 0
232566 1 1 0 0 0 0 0 0 0 0 0 0 0 0 0 0 0 0 0
232567 1 1 0 0 0 0 0 0 0 0 0 0 0 0 0 0 0 0 0
232568 1 1 0 0 0 0 0 0 0 0 0 0 0 0 0 0 0 0 0
232569 1 1 0 0 0 0 0 0 0 0 0 0 0 0 0 0 0 0 0
232570 1 1 0 0 0 0 0 0 0 0 0 0 0 0 0 0 0 0 0
232571 1 1 0 0 0 0 0 0 0 0 0 0 0 0 0 0 0 0 0
232572 1 1 0 0 0 0 0 0 0 0 0 0 0 0 0 0 0 0 0
232573 1 1 0 0 0 0 0 0 0 0 0 0 0 0 0 0 0 0 0
232574 1 1 0 0 0 0 0 0 0 0 0 0 0 0 0 0 0 0 0
232575 1 1 0 0 0 0 0 0 0 0 0 0 0 0 0 0 0 0 0
232576 1 1 0 0 0 0 0 0 0 0 0 0 0 0 0 0 0 0 0
232577 1 1 0 0 0 0 0 0 0 0 0 0 0 0 0 0 0 0 0
232578 1 1 0 0 0 0 0 0 0 0 0 0 0 0 0 0 0 0 0
232579 1 1 0 0 0 0 0 0 0 0 0 0 0 0 0 0 0 0 0
232580 1 1 0 0 0 0 0 0 0 0 0 0 0 0 0 0 0 0 0
232581 1 1 0 0 0 0 0 0 0 0 0 0 0 0 0 0 0 0 0
232582 1 1 0 0 0 0 0 0 0 0 0 0 0 0 0 0 0 0 0
232583 1 1 0 0 0 0 0 0 0 0 0 0 0 0 0 0 0 0 0
232584 1 1 0 0 0 0 0 0 0 0 0 0 0 0 0 0 0 0 0
232585 1 1 0 0 0 0 0 0 0 0 0 0 0 0 0 0 0 0 0
232586 1 1 0 0 0 0 0 0 0 0 0 0 0 0 0 0 0 0 0
232587 1 1 0 0 0 0 0 0 0 0 0 0 0 0 0 0 0 0 0
232588 1 1 0 0 0 0 0 0 0 0 0 0 0 0 0 0 0 0 0
232589 1 1 0 0 0 0 0 0 0 0 0 0 0 0 0 0 0 0 0
232590 1 1 0 0 0 0 0 0 0 0 0 0 0 0 0 0 0 0 0
232591 1 1 0 0 0 0 0 0 0 0 0 0 0 0 0 0 0 0 0
232592 1 1 0 0 0 0 0 0 0 0 0 0 0 0 0 0 0 0 0
232593 1 1 0 0 0 0 0 0 0 0 0 0 0 0 0 0 0 0 0
232594 1 1 0 0 0 0 0 0 0 0 0 0 0 0 0 0 0 0 0
232595 1 1 0 0 0 0 0 0 0 0 0 0 0 0 0 0 0 0 0
232596 1 1 0 0 0 0 0 0 0 0 0 0 0 0 0 0 0 0 0
232597 1 1 0 0 0 0 0 0 0 0 0 0 0 0 0 0 0 0 0
232598 1 1 0 0 0 0 0 0 0 0 0 0 0 0 0 0 0 0 0
232599 1 1 0 0 0 0 0 0 0 0 0 0 0 0 0 0 0 0 0
232600 1 1 0 0 0 0 0 0 0 0 0 0 0 0 0 0 0 0 0
232601 1 1 0 0 0 0 0 0 0 0 0 0 0 0 0 0 0 0 0
232602 1 1 0 0 0 0 0 0 0 0 0 0 0 0 0 0 0 0 0
232603 1 1 0 0 0 0 0 0 0 0 0 0 0 0 0 0 0 0 0
232604 1 1 0 0 0 0 0 0 0 0 0 0 0 0 0 0 0 0 0
232605 1 1 0 0 0 0 0 0 0 0 0 0 0 0 0 0 0 0 0
232606 1 1 0 0 0 0 0 0 0 0 0 0 0 0 0 0 0 0 0
232607 1 1 0 0 0 0 0 0 0 0 0 0 0 0 0 0 0 0 0
232608 1 1 0 0 0 0 0 0 0 0 0 0 0 0 0 0 0 0 0
232609 1 1 0 0 0 0 0 0 0 0 0 0 0 0 0 0 0 0 0
232610 1 1 0 0 0 0 0 0 0 0 0 0 0 0 0 0 0 0 0
232611 1 1 0 0 0 0 0 0 0 0 0 0 0 0 0 0 0 0 0
232612 1 1 0 0 0 0 0 0 0 0 0 0 0 0 0 0 0 0 0
232613 1 1 0 0 0 0 0 0 0 0 0 0 0 0 0 0 0 0 0
232614 1 1 0 0 0 0 0 0 0 0 0 0 0 0 0 0 0 0 0
232615 1 1 0 0 0 0 0 0 0 0 0 0 0 0 0 0 0 0 0
232616 1 1 0 0 0 0 0 0 0 0 0 0 0 0 0 0 0 0 0
232617 1 1 0 0 0 0 0 0 0 0 0 0 0 0 0 0 0 0 0
200000 1 1 0 0 0 0 0 0 0 0 0 0 0 0 0 0 0 0 0
200001 1 1 0 0 0 0 0 0 0 0 0 0 0 0 0 0 0 0 0
200002 1 1 0 0 0 0 0 0 0 0 0 0 0 0 0 0 0 0 0
200003 1 1 0 0 0 0 0 0 0 0 0 0 0 0 0 0 0 0 0
200004 1 1 0 0 0 0 0 0 0 0 0 0 0 0 0 0 0 0 0
200005 1 1 0 0 0 0 0 0 0 0 0 0 0 0 0 0 0 0 0
200006 1 1 0 0 0 0 0 0 0 0 0 0 0 0 0 0 0 0 0
200007 1 1 0 0 0 0 0 0 0 0 0 0 0 0 0 0 0 0 0
200008 1 1 0 0 0 0 0 0 0 0 0 0 0 0 0 0 0 0 0
200009 1 1 0 0 0 0 0 0 0 0 0 0 0 0 0 0 0 0 0
200010 1 1 0 0 0 0 0 0 0 0 0 0 0 0 0 0 0 0 0
200011 1 1 0 0 0 0 0 0 0 0 0 0 0 0 0 0 0 0 0
200012 1 1 0 0 0 0 0 0 0 0 0 0 0 0 0 0 0 0 0
200013 1 1 0 0 0 0 0 0 0 0 0 0 0 0 0 0 0 0 0
200014 1 1 0 0 0 0 0 0 0 0 0 0 0 0 0 0 0 0 0
200015 1 1 0 0 0 0 0 0 0 0 0 0 0 0 0 0 0 0 0
200016 1 1 0 0 0 0 0 0 0 0 0 0 0 0 0 0 0 0 0
200017 1 1 0 0 0 0 0 0 0 0 0 0 0 0 0 0 0 0 0
200018 1 1 0 0 0 0 0 0 0 0 0 0 0 0 0 0 0 0 0
200019 1 1 0 0 0 0 0 0 0 0 0 0 0 0 0 0 0 0 0
200020 1 1 0 0 0 0 0 0 0 0 0 0 0 0 0 0 0 0 0
200021 1 1 0 0 0 0 0 0 0 0 0 0 0 0 0 0 0 0 0
200022 1 1 0 0 0 0 0 0 0 0 0 0 0 0 0 0 0 0 0
200023 1 1 0 0 0 0 0 0 0 0 0 0 0 0 0 0 0 0 0
200024 1 1 0 0 0 0 0 0 0 0 0 0 0 0 0 0 0 0 0
200025 1 1 0 0 0 0 0 0 0 0 0 0 0 0 0 0 0 0 0
200026 1 1 0 0 0 0 0 0 0 0 0 0 0 0 0 0 0 0 0
200027 1 1 0 0 0 0 0 0 0 0 0 0 0 0 0 0 0 0 0
200028 1 1 0 0 0 0 0 0 0 0 0 0 0 0 0 0 0 0 0
200029 1 1 0 0 0 0 0 0 0 0 0 0 0 0 0 0 0 0 0
200030 1 1 0 0 0 0 0 0 0 0 0 0 0 0 0 0 0 0 0
200031 1 1 0 0 0 0 0 0 0 0 0 0 0 0 0 0 0 0 0
200032 1 1 0 0 0 0 0 0 0 0 0 0 0 0 0 0 0 0 0
200033 1 1 0 0 0 0 0 0 0 0 0 0 0 0 0 0 0 0 0
200034 1 1 0 0 0 0 0 0 0 0 0 0 0 0 0 0 0 0 0
200035 1 1 0 0 0 0 0 0 0 0 0 0 0 0 0 0 0 0 0
200036 1 1 0 0 0 0 0 0 0 0 0 0 0 0 0 0 0 0 0
200037 1 1 0 0 0 0 0 0 0 0 0 0 0 0 0 0 0 0 0
200038 1 1 0 0 0 0 0 0 0 0 0 0 0 0 0 0 0 0 0
200039 1 1 0 0 0 0 0 0 0 0 0 0 0 0 0 0 0 0 0
200040 1 1 0 0 0 0 0 0 0 0 0 0 0 0 0 0 0 0 0
200041 1 1 0 0 0 0 0 0 0 0 0 0 0 0 0 0 0 0 0
200042 1 1 0 0 0 0 0 0 0 0 0 0 0 0 0 0 0 0 0
200043 1 1 0 0 0 0 0 0 0 0 0 0 0 0 0 0 0 0 0
200044 1 1 0 0 0 0 0 0 0 0 0 0 0 0 0 0 0 0 0
200045 1 1 0 0 0 0 0 0 0 0 0 0 0 0 0 0 0 0 0
200046 1 1 0 0 0 0 0 0 0 0 0 0 0 0 0 0 0 0 0
200047 1 1 0 0 0 0 0 0 0 0 0 0 0 0 0 0 0 0 0
200048 1 1 0 0 0 0 0 0 0 0 0 0 0 0 0 0 0 0 0
200049 1 1 0 0 0 0 0 0 0 0 0 0 0 0 0 0 0 0 0
200050 1 1 0 0 0 0 0 0 0 0 0 0 0 0 0 0 0 0 0
200051 1 1 0 0 0 0 0 0 0 0 0 0 0 0 0 0 0 0 0
200052 1 1 0 0 0 0 0 0 0 0 0 0 0 0 0 0 0 0 0
200053 1 1 0 0 0 0 0 0 0 0 0 0 0 0 0 0 0 0 0
200054 1 1 0 0 0 0 0 0 0 0 0 0 0 0 0 0 0 0 0
200055 1 1 0 0 0 0 0 0 0 0 0 0 0 0 0 0 0 0 0
200056 1 1 0 0 0 0 0 0 0 0 0 0 0 0 0 0 0 0 0
200057 1 1 0 0 0 0 0 0 0 0 0 0 0 0 0 0 0 0 0
200058 1 1 0 0 0 0 0 0 0 0 0 0 0 0 0 0 0 0 0
200059 1 1 0 0 0 0 0 0 0 0 0 0 0 0 0 0 0 0 0
200060 1 1 0 0 0 0 0 0 0 0 0 0 0 0 0 0 0 0 0
200061 1 1 0 0 0 0 0 0 0 0 0 0 0 0 0 0 0 0 0
200062 1 1 0 0 0 0 0 0 0 0 0 0 0 0 0 0 0 0 0
200063 1 1 0 0 0 0 0 0 0 0 0 0 0 0 0 0 0 0 0
200064 1 1 0 0 0 0 0 0 0 0 0 0 0 0 0 0 0 0 0
200065 1 1 0 0 0 0 0 0 0 0 0 0 0 0 0 0 0 0 0
200066 1 1 0 0 0 0 0 0 0 0 0 0 0 0 0 0 0 0 0
200067 1 1 0 0 0 0 0 0 0 0 0 0 0 0 0 0 0 0 0
200068 1 1 0 0 0 0 0 0 0 0 0 0 0 0 0 0 0 0 0
200069 1 1 0 0 0 0 0 0 0 0 0 0 0 0 0 0 0 0 0
200070 1 1 0 0 0 0 0 0 0 0 0 0 0 0 0 0 0 0 0
200071 1 1 0 0 0 0 0 0 0 0 0 0 0 0 0 0 0 0 0
200072 1 1 0 0 0 0 0 0 0 0 0 0 0 0 0 0 0 0 0
200073 1 1 0 0 0 0 0 0 0 0 0 0 0 0 0 0 0 0 0
200074 1 1 0 0 0 0 0 0 0 0 0 0 0 0 0 0 0 0 0
200075 1 1 0 0 0 0 0 0 0 0 0 0 0 0 0 0 0 0 0
200076 1 1 0 0 0 0 0 0 0 0 0 0 0 0 0 0 0 0 0
200077 1 1 0 0 0 0 0 0 0 0 0 0 0 0 0 0 0 0 0
200078 1 1 0 0 0 0 0 0 0 0 0 0 0 0 0 0 0 0 0
200079 1 1 0 0 0 0 0 0 0 0 0 0 0 0 0 0 0 0 0
200080 1 1 0 0 0 0 0 0 0 0 0 0 0 0 0 0 0 0 0
200081 1 1 0 0 0 0 0 0 0 0 0 0 0 0 0 0 0 0 0
200082 1 1 0 0 0 0 0 0 0 0 0 0 0 0 0 0 0 0 0
200083 1 1 0 0 0 0 0 0 0 0 0 0 0 0 0 0 0 0 0
200084 1 1 0 0 0 0 0 0 0 0 0 0 0 0 0 0 0 0 0
200085 1 1 0 0 0 0 0 0 0 0 0 0 0 0 0 0 0 0 0
200086 1 1 0 0 0 0 0 0 0 0 0 0 0 0 0 0 0 0 0
200087 1 1 0 0 0 0 0 0 0 0 0 0 0 0 0 0 0 0 0
200088 1 1 0 0 0 0 0 0 0 0 0 0 0 0 0 0 0 0 0
200089 1 1 0 0 0 0 0 0 0 0 0 0 0 0 0 0 0 0 0
200090 1 1 0 0 0 0 0 0 0 0 0 0 0 0 0 0 0 0 0
200091 1 1 0 0 0 0 0 0 0 0 0 0 0 0 0 0 0 0 0
200092 1 1 0 0 0 0 0 0 0 0 0 0 0 0 0 0 0 0 0
200093 1 1 0 0 0 0 0 0 0 0 0 0 0 0 0 0 0 0 0
200094 1 1 0 0 0 0 0 0 0 0 0 0 0 0 0 0 0 0 0
200095 1 1 0 0 0 0 0 0 0 0 0 0 0 0 0 0 0 0 0
200096 1 1 0 0 0 0 0 0 0 0 0 0 0 0 0 0 0 0 0
200097 1 1 0 0 0 0 0 0 0 0 0 0 0 0 0 0 0 0 0
200098 1 1 0 0 0 0 0 0 0 0 0 0 0 0 0 0 0 0 0
200099 1 1 0 0 0 0 0 0 0 0 0 0 0 0 0 0 0 0 0
200200 1 1 0 0 0 0 0 0 0 0 0 0 0 0 0 0 0 0 0
200201 1 1 0 0 0 0 0 0 0 0 0 0 0 0 0 0 0 0 0
200202 1 1 0 0 0 0 0 0 0 0 0 0 0 0 0 0 0 0 0
200203 1 1 0 0 0 0 0 0 0 0 0 0 0 0 0 0 0 0 0
200204 1 1 0 0 0 0 0 0 0 0 0 0 0 0 0 0 0 0 0
200205 1 1 0 0 0 0 0 0 0 0 0 0 0 0 0 0 0 0 0
200206 1 1 0 0 0 0 0 0 0 0 0 0 0 0 0 0 0 0 0
200207 1 1 0 0 0 0 0 0 0 0 0 0 0 0 0 0 0 0 0
200208 1 1 0 0 0 0 0 0 0 0 0 0 0 0 0 0 0 0 0
200209 1 1 0 0 0 0 0 0 0 0 0 0 0 0 0 0 0 0 0
200210 1 1 0 0 0 0 0 0 0 0 0 0 0 0 0 0 0 0 0
200211 1 1 0 0 0 0 0 0 0 0 0 0 0 0 0 0 0 0 0
200212 1 1 0 0 0 0 0 0 0 0 0 0 0 0 0 0 0 0 0
200213 1 1 0 0 0 0 0 0 0 0 0 0 0 0 0 0 0 0 0
200214 1 1 0 0 0 0 0 0 0 0 0 0 0 0 0 0 0 0 0
200215 1 1 0 0 0 0 0 0 0 0 0 0 0 0 0 0 0 0 0
200216 1 1 0 0 0 0 0 0 0 0 0 0 0 0 0 0 0 0 0
200217 1 1 0 0 0 0 0 0 0 0 0 0 0 0 0 0 0 0 0
200218 1 1 0 0 0 0 0 0 0 0 0 0 0 0 0 0 0 0 0
200219 1 1 0 0 0 0 0 0 0 0 0 0 0 0 0 0 0 0 0
200220 1 1 0 0 0 0 0 0 0 0 0 0 0 0 0 0 0 0 0
200221 1 1 0 0 0 0 0 0 0 0 0 0 0 0 0 0 0 0 0
200222 1 1 0 0 0 0 0 0 0 0 0 0 0 0 0 0 0 0 0
200223 1 1 0 0 0 0 0 0 0 0 0 0 0 0 0 0 0 0 0
200224 1 1 0 0 0 0 0 0 0 0 0 0 0 0 0 0 0 0 0
200225 1 1 0 0 0 0 0 0 0 0 0 0 0 0 0 0 0 0 0
200226 1 1 0 0 0 0 0 0 0 0 0 0 0 0 0 0 0 0 0
200227 1 1 0 0 0 0 0 0 0 0 0 0 0 0 0 0 0 0 0
200228 1 1 0 0 0 0 0 0 0 0 0 0 0 0 0 0 0 0 0
200229 1 1 0 0 0 0 0 0 0 0 0 0 0 0 0 0 0 0 0
200230 1 1 0 0 0 0 0 0 0 0 0 0 0 0 0 0 0 0 0
200231 1 1 0 0 0 0 0 0 0 0 0 0 0 0 0 0 0 0 0
200232 1 1 0 0 0 0 0 0 0 0 0 0 0 0 0 0 0 0 0
200233 1 1 0 0 0 0 0 0 0 0 0 0 0 0 0 0 0 0 0
200234 1 1 0 0 0 0 0 0 0 0 0 0 0 0 0 0 0 0 0
200235 1 1 0 0 0 0 0 0 0 0 0 0 0 0 0 0 0 0 0
200236 1 1 0 0 0 0 0 0 0 0 0 0 0 0 0 0 0 0 0
200237 1 1 0 0 0 0 0 0 0 0 0 0 0 0 0 0 0 0 0
200238 1 1 0 0 0 0 0 0 0 0 0 0 0 0 0 0 0 0 0
200239 1 1 0 0 0 0 0 0 0 0 0 0 0 0 0 0 0 0 0
200240 1 1 0 0 0 0 0 0 0 0 0 0 0 0 0 0 0 0 0
200241 1 1 0 0 0 0 0 0 0 0 0 0 0 0 0 0 0 0 0
200242 1 1 0 0 0 0 0 0 0 0 0 0 0 0 0 0 0 0 0
200243 1 1 0 0 0 0 0 0 0 0 0 0 0 0 0 0 0 0 0
200244 1 1 0 0 0 0 0 0 0 0 0 0 0 0 0 0 0 0 0
200245 1 1 0 0 0 0 0 0 0 0 0 0 0 0 0 0 0 0 0
200246 1 1 0 0 0 0 0 0 0 0 0 0 0 0 0 0 0 0 0
200247 1 1 0 0 0 0 0 0 0 0 0 0 0 0 0 0 0 0 0
200248 1 1 0 0 0 0 0 0 0 0 0 0 0 0 0 0 0 0 0
200249 1 1 0 0 0 0 0 0 0 0 0 0 0 0 0 0 0 0 0
200250 1 1 0 0 0 0 0 0 0 0 0 0 0 0 0 0 0 0 0
200251 1 1 0 0 0 0 0 0 0 0 0 0 0 0 0 0 0 0 0
200252 1 1 0 0 0 0 0 0 0 0 0 0 0 0 0 0 0 0 0
200253 1 1 0 0 0 0 0 0 0 0 0 0 0 0 0 0 0 0 0
200254 1 1 0 0 0 0 0 0 0 0 0 0 0 0 0 0 0 0 0
200255 1 1 0 0 0 0 0 0 0 0 0 0 0 0 0 0 0 0 0
200256 1 1 0 0 0 0 0 0 0 0 0 0 0 0 0 0 0 0 0
200257 1 1 0 0 0 0 0 0 0 0 0 0 0 0 0 0 0 0 0
200258 1 1 0 0 0 0 0 0 0 0 0 0 0 0 0 0 0 0 0
200259 1 1 0 0 0 0 0 0 0 0 0 0 0 0 0 0 0 0 0
200260 1 1 0 0 0 0 0 0 0 0 0 0 0 0 0 0 0 0 0
200261 1 1 0 0 0 0 0 0 0 0 0 0 0 0 0 0 0 0 0
200262 1 1 0 0 0 0 0 0 0 0 0 0 0 0 0 0 0 0 0
200263 1 1 0 0 0 0 0 0 0 0 0 0 0 0 0 0 0 0 0
200264 1 1 0 0 0 0 0 0 0 0 0 0 0 0 0 0 0 0 0
200265 1 1 0 0 0 0 0 0 0 0 0 0 0 0 0 0 0 0 0
200266 1 1 0 0 0 0 0 0 0 0 0 0 0 0 0 0 0 0 0
200267 1 1 0 0 0 0 0 0 0 0 0 0 0 0 0 0 0 0 0
200268 1 1 0 0 0 0 0 0 0 0 0 0 0 0 0 0 0 0 0
200269 1 1 0 0 0 0 0 0 0 0 0 0 0 0 0 0 0 0 0
200270 1 1 0 0 0 0 0 0 0 0 0 0 0 0 0 0 0 0 0
200271 1 1 0 0 0 0 0 0 0 0 0 0 0 0 0 0 0 0 0
200272 1 1 0 0 0 0 0 0 0 0 0 0 0 0 0 0 0 0 0
200273 1 1 0 0 0 0 0 0 0 0 0 0 0 0 0 0 0 0 0
200274 1 1 0 0 0 0 0 0 0 0 0 0 0 0 0 0 0 0 0
200275 1 1 0 0 0 0 0 0 0 0 0 0 0 0 0 0 0 0 0
200276 1 1 0 0 0 0 0 0 0 0 0 0 0 0 0 0 0 0 0
200277 1 1 0 0 0 0 0 0 0 0 0 0 0 0 0 0 0 0 0
200278 1 1 0 0 0 0 0 0 0 0 0 0 0 0 0 0 0 0 0
200279 1 1 0 0 0 0 0 0 0 0 0 0 0 0 0 0 0 0 0
200280 1 1 0 0 0 0 0 0 0 0 0 0 0 0 0 0 0 0 0
200281 1 1 0 0 0 0 0 0 0 0 0 0 0 0 0 0 0 0 0
200282 1 1 0 0 0 0 0 0 0 0 0 0 0 0 0 0 0 0 0
200283 1 1 0 0 0 0 0 0 0 0 0 0 0 0 0 0 0 0 0
200284 1 1 0 0 0 0 0 0 0 0 0 0 0 0 0 0 0 0 0
200285 1 1 0 0 0 0 0 0 0 0 0 0 0 0 0 0 0 0 0
200286 1 1 0 0 0 0 0 0 0 0 0 0 0 0 0 0 0 0 0
200287 1 1 0 0 0 0 0 0 0 0 0 0 0 0 0 0 0 0 0
200288 1 1 0 0 0 0 0 0 0 0 0 0 0 0 0 0 0 0 0
200289 1 1 0 0 0 0 0 0 0 0 0 0 0 0 0 0 0 0 0
200290 1 1 0 0 0 0 0 0 0 0 0 0 0 0 0 0 0 0 0
200291 1 1 0 0 0 0 0 0 0 0 0 0 0 0 0 0 0 0 0
200292 1 1 0 0 0 0 0 0 0 0 0 0 0 0 0 0 0 0 0
200293 1 1 0 0 0 0 0 0 0 0 0 0 0 0 0 0 0 0 0
200294 1 1 0 0 0 0 0 0 0 0 0 0 0 0 0 0 0 0 0
200295 1 1 0 0 0 0 0 0 0 0 0 0 0 0 0 0 0 0 0
200296 1 1 0 0 0 0 0 0 0 0 0 0 0 0 0 0 0 0 0
200297 1 1 0 0 0 0 0 0 0 0 0 0 0 0 0 0 0 0 0
200298 1 1 0 0 0 0 0 0 0 0 0 0 0 0 0 0 0 0 0
200299 1 1 0 0 0 0 0 0 0 0 0 0 0 0 0 0 0 0 0
200400 1 1 0 0 0 0 0 0 0 0 0 0 0 0 0 0 0 0 0
200401 1 1 0 0 0 0 0 0 0 0 0 0 0 0 0 0 0 0 0
200402 1 1 0 0 0 0 0 0 0 0 0 0 0 0 0 0 0 0 0
200403 1 1 0 0 0 0 0 0 0 0 0 0 0 0 0 0 0 0 0
200404 1 1 0 0 0 0 0 0 0 0 0 0 0 0 0 0 0 0 0
200405 1 1 0 0 0 0 0 0 0 0 0 0 0 0 0 0 0 0 0
200406 1 1 0 0 0 0 0 0 0 0 0 0 0 0 0 0 0 0 0
200407 1 1 0 0 0 0 0 0 0 0 0 0 0 0 0 0 0 0 0
200408 1 1 0 0 0 0 0 0 0 0 0 0 0 0 0 0 0 0 0
200409 1 1 0 0 0 0 0 0 0 0 0 0 0 0 0 0 0 0 0
200410 1 1 0 0 0 0 0 0 0 0 0 0 0 0 0 0 0 0 0
200411 1 1 0 0 0 0 0 0 0 0 0 0 0 0 0 0 0 0 0
200412 1 1 0 0 0 0 0 0 0 0 0 0 0 0 0 0 0 0 0
200413 1 1 0 0 0 0 0 0 0 0 0 0 0 0 0 0 0 0 0
200414 1 1 0 0 0 0 0 0 0 0 0 0 0 0 0 0 0 0 0
200415 1 1 0 0 0 0 0 0 0 0 0 0 0 0 0 0 0 0 0
200416 1 1 0 0 0 0 0 0 0 0 0 0 0 0 0 0 0 0 0
200417 1 1 0 0 0 0 0 0 0 0 0 0 0 0 0 0 0 0 0
200418 1 1 0 0 0 0 0 0 0 0 0 0 0 0 0 0 0 0 0
200419 1 1 0 0 0 0 0 0 0 0 0 0 0 0 0 0 0 0 0
200420 1 1 0 0 0 0 0 0 0 0 0 0 0 0 0 0 0 0 0
200421 1 1 0 0 0 0 0 0 0 0 0 0 0 0 0 0 0 0 0
200422 1 1 0 0 0 0 0 0 0 0 0 0 0 0 0 0 0 0 0
200423 1 1 0 0 0 0 0 0 0 0 0 0 0 0 0 0 0 0 0
200424 1 1 0 0 0 0 0 0 0 0 0 0 0 0 0 0 0 0 0
200425 1 1 0 0 0 0 0 0 0 0 0 0 0 0 0 0 0 0 0
200426 1 1 0 0 0 0 0 0 0 0 0 0 0 0 0 0 0 0 0
200427 1 1 0 0 0 0 0 0 0 0 0 0 0 0 0 0 0 0 0
200428 1 1 0 0 0 0 0 0 0 0 0 0 0 0 0 0 0 0 0
200429 1 1 0 0 0 0 0 0 0 0 0 0 0 0 0 0 0 0 0
200430 1 1 0 0 0 0 0 0 0 0 0 0 0 0 0 0 0 0 0
200431 1 1 0 0 0 0 0 0 0 0 0 0 0 0 0 0 0 0 0
200432 1 1 0 0 0 0 0 0 0 0 0 0 0 0 0 0 0 0 0
200433 1 1 0 0 0 0 0 0 0 0 0 0 0 0 0 0 0 0 0
200434 1 1 0 0 0 0 0 0 0 0 0 0 0 0 0 0 0 0 0
200435 1 1 0 0 0 0 0 0 0 0 0 0 0 0 0 0 0 0 0
200436 1 1 0 0 0 0 0 0 0 0 0 0 0 0 0 0 0 0 0
200437 1 1 0 0 0 0 0 0 0 0 0 0 0 0 0 0 0 0 0
200438 1 1 0 0 0 0 0 0 0 0 0 0 0 0 0 0 0 0 0
200439 1 1 0 0 0 0 0 0 0 0 0 0 0 0 0 0 0 0 0
200440 1 1 0 0 0 0 0 0 0 0 0 0 0 0 0 0 0 0 0
200441 1 1 0 0 0 0 0 0 0 0 0 0 0 0 0 0 0 0 0
200442 1 1 0 0 0 0 0 0 0 0 0 0 0 0 0 0 0 0 0
200443 1 1 0 0 0 0 0 0 0 0 0 0 0 0 0 0 0 0 0
200444 1 1 0 0 0 0 0 0 0 0 0 0 0 0 0 0 0 0 0
200445 1 1 0 0 0 0 0 0 0 0 0 0 0 0 0 0 0 0 0
200446 1 1 0 0 0 0 0 0 0 0 0 0 0 0 0 0 0 0 0
200447 1 1 0 0 0 0 0 0 0 0 0 0 0 0 0 0 0 0 0
200448 1 1 0 0 0 0 0 0 0 0 0 0 0 0 0 0 0 0 0
200449 1 1 0 0 0 0 0 0 0 0 0 0 0 0 0 0 0 0 0
200450 1 1 0 0 0 0 0 0 0 0 0 0 0 0 0 0 0 0 0
200451 1 1 0 0 0 0 0 0 0 0 0 0 0 0 0 0 0 0 0
200452 1 1 0 0 0 0 0 0 0 0 0 0 0 0 0 0 0 0 0
200453 1 1 0 0 0 0 0 0 0 0 0 0 0 0 0 0 0 0 0
200454 1 1 0 0 0 0 0 0 0 0 0 0 0 0 0 0 0 0 0
200455 1 1 0 0 0 0 0 0 0 0 0 0 0 0 0 0 0 0 0
200456 1 1 0 0 0 0 0 0 0 0 0 0 0 0 0 0 0 0 0
200457 1 1 0 0 0 0 0 0 0 0 0 0 0 0 0 0 0 0 0
200458 1 1 0 0 0 0 0 0 0 0 0 0 0 0 0 0 0 0 0
200459 1 1 0 0 0 0 0 0 0 0 0 0 0 0 0 0 0 0 0
200460 1 1 0 0 0 0 0 0 0 0 0 0 0 0 0 0 0 0 0
200461 1 1 0 0 0 0 0 0 0 0 0 0 0 0 0 0 0 0 0
200462 1 1 0 0 0 0 0 0 0 0 0 0 0 0 0 0 0 0 0
200463 1 1 0 0 0 0 0 0 0 0 0 0 0 0 0 0 0 0 0
200464 1 1 0 0 0 0 0 0 0 0 0 0 0 0 0 0 0 0 0
200465 1 1 0 0 0 0 0 0 0 0 0 0 0 0 0 0 0 0 0
200466 1 1 0 0 0 0 0 0 0 0 0 0 0 0 0 0 0 0 0
200467 1 1 0 0 0 0 0 0 0 0 0 0 0 0 0 0 0 0 0
200468 1 1 0 0 0 0 0 0 0 0 0 0 0 0 0 0 0 0 0
200469 1 1 0 0 0 0 0 0 0 0 0 0 0 0 0 0 0 0 0
200470 1 1 0 0 0 0 0 0 0 0 0 0 0 0 0 0 0 0 0
200471 1 1 0 0 0 0 0 0 0 0 0 0 0 0 0 0 0 0 0
200472 1 1 0 0 0 0 0 0 0 0 0 0 0 0 0 0 0 0 0
200473 1 1 0 0 0 0 0 0 0 0 0 0 0 0 0 0 0 0 0
200474 1 1 0 0 0 0 0 0 0 0 0 0 0 0 0 0 0 0 0
200475 1 1 0 0 0 0 0 0 0 0 0 0 0 0 0 0 0 0 0
200476 1 1 0 0 0 0 0 0 0 0 0 0 0 0 0 0 0 0 0
200477 1 1 0 0 0 0 0 0 0 0 0 0 0 0 0 0 0 0 0
200478 1 1 0 0 0 0 0 0 0 0 0 0 0 0 0 0 0 0 0
200479 1 1 0 0 0 0 0 0 0 0 0 0 0 0 0 0 0 0 0
200480 1 1 0 0 0 0 0 0 0 0 0 0 0 0 0 0 0 0 0
200481 1 1 0 0 0 0 0 0 0 0 0 0 0 0 0 0 0 0 0
200482 1 1 0 0 0 0 0 0 0 0 0 0 0 0 0 0 0 0 0
200483 1 1 0 0 0 0 0 0 0 0 0 0 0 0 0 0 0 0 0
200484 1 1 0 0 0 0 0 0 0 0 0 0 0 0 0 0 0 0 0
200485 1 1 0 0 0 0 0 0 0 0 0 0 0 0 0 0 0 0 0
200486 1 1 0 0 0 0 0 0 0 0 0 0 0 0 0 0 0 0 0
200487 1 1 0 0 0 0 0 0 0 0 0 0 0 0 0 0 0 0 0
200488 1 1 0 0 0 0 0 0 0 0 0 0 0 0 0 0 0 0 0
200489 1 1 0 0 0 0 0 0 0 0 0 0 0 0 0 0 0 0 0
200490 1 1 0 0 0 0 0 0 0 0 0 0 0 0 0 0 0 0 0
200491 1 1 0 0 0 0 0 0 0 0 0 0 0 0 0 0 0 0 0
200492 1 1 0 0 0 0 0 0 0 0 0 0 0 0 0 0 0 0 0
200493 1 1 0 0 0 0 0 0 0 0 0 0 0 0 0 0 0 0 0
200494 1 1 0 0 0 0 0 0 0 0 0 0 0 0 0 0 0 0 0
200495 1 1 0 0 0 0 0 0 0 0 0 0 0 0 0 0 0 0 0
200496 1 1 0 0 0 0 0 0 0 0 0 0 0 0 0 0 0 0 0
200497 1 1 0 0 0 0 0 0 0 0 0 0 0 0 0 0 0 0 0
200498 1 1 0 0 0 0 0 0 0 0 0 0 0 0 0 0 0 0 0
200499 1 1 0 0 0 0 0 0 0 0 0 0 0 0 0 0 0 0 0
200600 1 1 0 0 0 0 0 0 0 0 0 0 0 0 0 0 0 0 0
200601 1 1 0 0 0 0 0 0 0 0 0 0 0 0 0 0 0 0 0
200602 1 1 0 0 0 0 0 0 0 0 0 0 0 0 0 0 0 0 0
200603 1 1 0 0 0 0 0 0 0 0 0 0 0 0 0 0 0 0 0
200604 1 1 0 0 0 0 0 0 0 0 0 0 0 0 0 0 0 0 0
200605 1 1 0 0 0 0 0 0 0 0 0 0 0 0 0 0 0 0 0
200606 1 1 0 0 0 0 0 0 0 0 0 0 0 0 0 0 0 0 0
200607 1 1 0 0 0 0 0 0 0 0 0 0 0 0 0 0 0 0 0
200608 1 1 0 0 0 0 0 0 0 0 0 0 0 0 0 0 0 0 0
200609 1 1 0 0 0 0 0 0 0 0 0 0 0 0 0 0 0 0 0
200610 1 1 0 0 0 0 0 0 0 0 0 0 0 0 0 0 0 0 0
200611 1 1 0 0 0 0 0 0 0 0 0 0 0 0 0 0 0 0 0
200612 1 1 0 0 0 0 0 0 0 0 0 0 0 0 0 0 0 0 0
200613 1 1 0 0 0 0 0 0 0 0 0 0 0 0 0 0 0 0 0
200614 1 1 0 0 0 0 0 0 0 0 0 0 0 0 0 0 0 0 0
200615 1 1 0 0 0 0 0 0 0 0 0 0 0 0 0 0 0 0 0
200616 1 1 0 0 0 0 0 0 0 0 0 0 0 0 0 0 0 0 0
200617 1 1 0 0 0 0 0 0 0 0 0 0 0 0 0 0 0 0 0
200618 1 1 0 0 0 0 0 0 0 0 0 0 0 0 0 0 0 0 0
200619 1 1 0 0 0 0 0 0 0 0 0 0 0 0 0 0 0 0 0
200620 1 1 0 0 0 0 0 0 0 0 0 0 0 0 0 0 0 0 0
200621 1 1 0 0 0 0 0 0 0 0 0 0 0 0 0 0 0 0 0
200622 1 1 0 0 0 0 0 0 0 0 0 0 0 0 0 0 0 0 0
200623 1 1 0 0 0 0 0 0 0 0 0 0 0 0 0 0 0 0 0
200624 1 1 0 0 0 0 0 0 0 0 0 0 0 0 0 0 0 0 0
200625 1 1 0 0 0 0 0 0 0 0 0 0 0 0 0 0 0 0 0
200626 1 1 0 0 0 0 0 0 0 0 0 0 0 0 0 0 0 0 0
200627 1 1 0 0 0 0 0 0 0 0 0 0 0 0 0 0 0 0 0
200628 1 1 0 0 0 0 0 0 0 0 0 0 0 0 0 0 0 0 0
200629 1 1 0 0 0 0 0 0 0 0 0 0 0 0 0 0 0 0 0
200630 1 1 0 0 0 0 0 0 0 0 0 0 0 0 0 0 0 0 0
200631 1 1 0 0 0 0 0 0 0 0 0 0 0 0 0 0 0 0 0
200632 1 1 0 0 0 0 0 0 0 0 0 0 0 0 0 0 0 0 0
200633 1 1 0 0 0 0 0 0 0 0 0 0 0 0 0 0 0 0 0
200634 1 1 0 0 0 0 0 0 0 0 0 0 0 0 0 0 0 0 0
200635 1 1 0 0 0 0 0 0 0 0 0 0 0 0 0 0 0 0 0
200636 1 1 0 0 0 0 0 0 0 0 0 0 0 0 0 0 0 0 0
200637 1 1 0 0 0 0 0 0 0 0 0 0 0 0 0 0 0 0 0
200638 1 1 0 0 0 0 0 0 0 0 0 0 0 0 0 0 0 0 0
200639 1 1 0 0 0 0 0 0 0 0 0 0 0 0 0 0 0 0 0
200640 1 1 0 0 0 0 0 0 0 0 0 0 0 0 0 0 0 0 0
200641 1 1 0 0 0 0 0 0 0 0 0 0 0 0 0 0 0 0 0
200642 1 1 0 0 0 0 0 0 0 0 0 0 0 0 0 0 0 0 0
200643 1 1 0 0 0 0 0 0 0 0 0 0 0 0 0 0 0 0 0
200644 1 1 0 0 0 0 0 0 0 0 0 0 0 0 0 0 0 0 0
200645 1 1 0 0 0 0 0 0 0 0 0 0 0 0 0 0 0 0 0
200646 1 1 0 0 0 0 0 0 0 0 0 0 0 0 0 0 0 0 0
200647 1 1 0 0 0 0 0 0 0 0 0 0 0 0 0 0 0 0 0
200648 1 1 0 0 0 0 0 0 0 0 0 0 0 0 0 0 0 0 0
200649 1 1 0 0 0 0 0 0 0 0 0 0 0 0 0 0 0 0 0
200650 1 1 0 0 0 0 0 0 0 0 0 0 0 0 0 0 0 0 0
200651 1 1 0 0 0 0 0 0 0 0 0 0 0 0 0 0 0 0 0
200652 1 1 0 0 0 0 0 0 0 0 0 0 0 0 0 0 0 0 0
200653 1 1 0 0 0 0 0 0 0 0 0 0 0 0 0 0 0 0 0
200654 1 1 0 0 0 0 0 0 0 0 0 0 0 0 0 0 0 0 0
200655 1 1 0 0 0 0 0 0 0 0 0 0 0 0 0 0 0 0 0
200656 1 1 0 0 0 0 0 0 0 0 0 0 0 0 0 0 0 0 0
200657 1 1 0 0 0 0 0 0 0 0 0 0 0 0 0 0 0 0 0
200658 1 1 0 0 0 0 0 0 0 0 0 0 0 0 0 0 0 0 0
200659 1 1 0 0 0 0 0 0 0 0 0 0 0 0 0 0 0 0 0
200660 1 1 0 0 0 0 0 0 0 0 0 0 0 0 0 0 0 0 0
200661 1 1 0 0 0 0 0 0 0 0 0 0 0 0 0 0 0 0 0
200662 1 1 0 0 0 0 0 0 0 0 0 0 0 0 0 0 0 0 0
200663 1 1 0 0 0 0 0 0 0 0 0 0 0 0 0 0 0 0 0
200664 1 1 0 0 0 0 0 0 0 0 0 0 0 0 0 0 0 0 0
200665 1 1 0 0 0 0 0 0 0 0 0 0 0 0 0 0 0 0 0
200666 1 1 0 0 0 0 0 0 0 0 0 0 0 0 0 0 0 0 0
200667 1 1 0 0 0 0 0 0 0 0 0 0 0 0 0 0 0 0 0
200668 1 1 0 0 0 0 0 0 0 0 0 0 0 0 0 0 0 0 0
200669 1 1 0 0 0 0 0 0 0 0 0 0 0 0 0 0 0 0 0
200670 1 1 0 0 0 0 0 0 0 0 0 0 0 0 0 0 0 0 0
200671 1 1 0 0 0 0 0 0 0 0 0 0 0 0 0 0 0 0 0
200672 1 1 0 0 0 0 0 0 0 0 0 0 0 0 0 0 0 0 0
200673 1 1 0 0 0 0 0 0 0 0 0 0 0 0 0 0 0 0 0
200674 1 1 0 0 0 0 0 0 0 0 0 0 0 0 0 0 0 0 0
200475 1 1 0 0 0 0 0 0 0 0 0 0 0 0 0 0 0 0 0
200476 1 1 0 0 0 0 0 0 0 0 0 0 0 0 0 0 0 0 0
200477 1 1 0 0 0 0 0 0 0 0 0 0 0 0 0 0 0 0 0
200478 1 1 0 0 0 0 0 0 0 0 0 0 0 0 0 0 0 0 0
200479 1 1 0 0 0 0 0 0 0 0 0 0 0 0 0 0 0 0 0
200480 1 1 0 0 0 0 0 0 0 0 0 0 0 0 0 0 0 0 0
200481 1 1 0 0 0 0 0 0 0 0 0 0 0 0 0 0 0 0 0
200482 1 1 0 0 0 0 0 0 0 0 0 0 0 0 0 0 0 0 0
200483 1 1 0 0 0 0 0 0 0 0 0 0 0 0 0 0 0 0 0
200484 1 1 0 0 0 0 0 0 0 0 0 0 0 0 0 0 0 0 0
200485 1 1 0 0 0 0 0 0 0 0 0 0 0 0 0 0 0 0 0
200486 1 1 0 0 0 0 0 0 0 0 0 0 0 0 0 0 0 0 0
200487 1 1 0 0 0 0 0 0 0 0 0 0 0 0 0 0 0 0 0
200488 1 1 0 0 0 0 0 0 0 0 0 0 0 0 0 0 0 0 0
200489 1 1 0 0 0 0 0 0 0 0 0 0 0 0 0 0 0 0 0
200490 1 1 0 0 0 0 0 0 0 0 0 0 0 0 0 0 0 0 0
200491 1 1 0 0 0 0 0 0 0 0 0 0 0 0 0 0 0 0 0
200492 1 1 0 0 0 0 0 0 0 0 0 0 0 0 0 0 0 0 0
200493 1 1 0 0 0 0 0 0 0 0 0 0 0 0 0 0 0 0 0
200494 1 1 0 0 0 0 0 0 0 0 0 0 0 0 0 0 0 0 0
200495 1 1 0 0 0 0 0 0 0 0 0 0 0 0 0 0 0 0 0
200496 1 1 0 0 0 0 0 0 0 0 0 0 0 0 0 0 0 0 0
200497 1 1 0 0 0 0 0 0 0 0 0 0 0 0 0 0 0 0 0
200498 1 1 0 0 0 0 0 0 0 0 0 0 0 0 0 0 0 0 0
200499 1 1 0 0 0 0 0 0 0 0 0 0 0 0 0 0 0 0 0
200675 1 1 0 0 0 0 0 0 0 0 0 0 0 0 0 0 0 0 0
200676 1 1 0 0 0 0 0 0 0 0 0 0 0 0 0 0 0 0 0
200677 1 1 0 0 0 0 0 0 0 0 0 0 0 0 0 0 0 0 0
200678 1 1 0 0 0 0 0 0 0 0 0 0 0 0 0 0 0 0 0
200679 1 1 0 0 0 0 0 0 0 0 0 0 0 0 0 0 0 0 0
200680 1 1 0 0 0 0 0 0 0 0 0 0 0 0 0 0 0 0 0
200681 1 1 0 0 0 0 0 0 0 0 0 0 0 0 0 0 0 0 0
200682 1 1 0 0 0 0 0 0 0 0 0 0 0 0 0 0 0 0 0
200683 1 1 0 0 0 0 0 0 0 0 0 0 0 0 0 0 0 0 0
200684 1 1 0 0 0 0 0 0 0 0 0 0 0 0 0 0 0 0 0
200685 1 1 0 0 0 0 0 0 0 0 0 0 0 0 0 0 0 0 0
200686 1 1 0 0 0 0 0 0 0 0 0 0 0 0 0 0 0 0 0
200687 1 1 0 0 0 0 0 0 0 0 0 0 0 0 0 0 0 0 0
200688 1 1 0 0 0 0 0 0 0 0 0 0 0 0 0 0 0 0 0
200689 1 1 0 0 0 0 0 0 0 0 0 0 0 0 0 0 0 0 0
200690 1 1 0 0 0 0 0 0 0 0 0 0 0 0 0 0 0 0 0
200691 1 1 0 0 0 0 0 0 0 0 0 0 0 0 0 0 0 0 0
200692 1 1 0 0 0 0 0 0 0 0 0 0 0 0 0 0 0 0 0
200693 1 1 0 0 0 0 0 0 0 0 0 0 0 0 0 0 0 0 0
200694 1 1 0 0 0 0 0 0 0 0 0 0 0 0 0 0 0 0 0
200695 1 1 0 0 0 0 0 0 0 0 0 0 0 0 0 0 0 0 0
200696 1 1 0 0 0 0 0 0 0 0 0 0 0 0 0 0 0 0 0
200697 1 1 0 0 0 0 0 0 0 0 0 0 0 0 0 0 0 0 0
200698 1 1 0 0 0 0 0 0 0 0 0 0 0 0 0 0 0 0 0
200699 1 1 0 0 0 0 0 0 0 0 0 0 0 0 0 0 0 0 0
200100 1 1 0 0 0 0 0 0 0 0 0 0 0 0 0 0 0 0 0
200101 1 1 0 0 0 0 0 0 0 0 0 0 0 0 0 0 0 0 0
200102 1 1 0 0 0 0 0 0 0 0 0 0 0 0 0 0 0 0 0
200103 1 1 0 0 0 0 0 0 0 0 0 0 0 0 0 0 0 0 0
200104 1 1 0 0 0 0 0 0 0 0 0 0 0 0 0 0 0 0 0
200105 1 1 0 0 0 0 0 0 0 0 0 0 0 0 0 0 0 0 0
200106 1 1 0 0 0 0 0 0 0 0 0 0 0 0 0 0 0 0 0
200107 1 1 0 0 0 0 0 0 0 0 0 0 0 0 0 0 0 0 0
200108 1 1 0 0 0 0 0 0 0 0 0 0 0 0 0 0 0 0 0
200109 1 1 0 0 0 0 0 0 0 0 0 0 0 0 0 0 0 0 0
200110 1 1 0 0 0 0 0 0 0 0 0 0 0 0 0 0 0 0 0
200111 1 1 0 0 0 0 0 0 0 0 0 0 0 0 0 0 0 0 0
200112 1 1 0 0 0 0 0 0 0 0 0 0 0 0 0 0 0 0 0
200113 1 1 0 0 0 0 0 0 0 0 0 0 0 0 0 0 0 0 0
200114 1 1 0 0 0 0 0 0 0 0 0 0 0 0 0 0 0 0 0
200115 1 1 0 0 0 0 0 0 0 0 0 0 0 0 0 0 0 0 0
200116 1 1 0 0 0 0 0 0 0 0 0 0 0 0 0 0 0 0 0
200117 1 1 0 0 0 0 0 0 0 0 0 0 0 0 0 0 0 0 0
200118 1 1 0 0 0 0 0 0 0 0 0 0 0 0 0 0 0 0 0
200119 1 1 0 0 0 0 0 0 0 0 0 0 0 0 0 0 0 0 0
200120 1 1 0 0 0 0 0 0 0 0 0 0 0 0 0 0 0 0 0
200121 1 1 0 0 0 0 0 0 0 0 0 0 0 0 0 0 0 0 0
200122 1 1 0 0 0 0 0 0 0 0 0 0 0 0 0 0 0 0 0
200123 1 1 0 0 0 0 0 0 0 0 0 0 0 0 0 0 0 0 0
200124 1 1 0 0 0 0 0 0 0 0 0 0 0 0 0 0 0 0 0
200300 1 1 0 0 0 0 0 0 0 0 0 0 0 0 0 0 0 0 0
200301 1 1 0 0 0 0 0 0 0 0 0 0 0 0 0 0 0 0 0
200302 1 1 0 0 0 0 0 0 0 0 0 0 0 0 0 0 0 0 0
200303 1 1 0 0 0 0 0 0 0 0 0 0 0 0 0 0 0 0 0
200304 1 1 0 0 0 0 0 0 0 0 0 0 0 0 0 0 0 0 0
200305 1 1 0 0 0 0 0 0 0 0 0 0 0 0 0 0 0 0 0
200306 1 1 0 0 0 0 0 0 0 0 0 0 0 0 0 0 0 0 0
200307 1 1 0 0 0 0 0 0 0 0 0 0 0 0 0 0 0 0 0
200308 1 1 0 0 0 0 0 0 0 0 0 0 0 0 0 0 0 0 0
200309 1 1 0 0 0 0 0 0 0 0 0 0 0 0 0 0 0 0 0
200310 1 1 0 0 0 0 0 0 0 0 0 0 0 0 0 0 0 0 0
200311 1 1 0 0 0 0 0 0 0 0 0 0 0 0 0 0 0 0 0
200312 1 1 0 0 0 0 0 0 0 0 0 0 0 0 0 0 0 0 0
200313 1 1 0 0 0 0 0 0 0 0 0 0 0 0 0 0 0 0 0
200314 1 1 0 0 0 0 0 0 0 0 0 0 0 0 0 0 0 0 0
200315 1 1 0 0 0 0 0 0 0 0 0 0 0 0 0 0 0 0 0
200316 1 1 0 0 0 0 0 0 0 0 0 0 0 0 0 0 0 0 0
200317 1 1 0 0 0 0 0 0 0 0 0 0 0 0 0 0 0 0 0
200318 1 1 0 0 0 0 0 0 0 0 0 0 0 0 0 0 0 0 0
200319 1 1 0 0 0 0 0 0 0 0 0 0 0 0 0 0 0 0 0
200320 1 1 0 0 0 0 0 0 0 0 0 0 0 0 0 0 0 0 0
200321 1 1 0 0 0 0 0 0 0 0 0 0 0 0 0 0 0 0 0
200322 1 1 0 0 0 0 0 0 0 0 0 0 0 0 0 0 0 0 0
200323 1 1 0 0 0 0 0 0 0 0 0 0 0 0 0 0 0 0 0
200324 1 1 0 0 0 0 0 0 0 0 0 0 0 0 0 0 0 0 0
200500 1 1 0 0 0 0 0 0 0 0 0 0 0 0 0 0 0 0 0
200501 1 1 0 0 0 0 0 0 0 0 0 0 0 0 0 0 0 0 0
200502 1 1 0 0 0 0 0 0 0 0 0 0 0 0 0 0 0 0 0
200503 1 1 0 0 0 0 0 0 0 0 0 0 0 0 0 0 0 0 0
200504 1 1 0 0 0 0 0 0 0 0 0 0 0 0 0 0 0 0 0
200505 1 1 0 0 0 0 0 0 0 0 0 0 0 0 0 0 0 0 0
200506 1 1 0 0 0 0 0 0 0 0 0 0 0 0 0 0 0 0 0
200507 1 1 0 0 0 0 0 0 0 0 0 0 0 0 0 0 0 0 0
200508 1 1 0 0 0 0 0 0 0 0 0 0 0 0 0 0 0 0 0
200509 1 1 0 0 0 0 0 0 0 0 0 0 0 0 0 0 0 0 0
200510 1 1 0 0 0 0 0 0 0 0 0 0 0 0 0 0 0 0 0
200511 1 1 0 0 0 0 0 0 0 0 0 0 0 0 0 0 0 0 0
200512 1 1 0 0 0 0 0 0 0 0 0 0 0 0 0 0 0 0 0
200513 1 1 0 0 0 0 0 0 0 0 0 0 0 0 0 0 0 0 0
200514 1 1 0 0 0 0 0 0 0 0 0 0 0 0 0 0 0 0 0
200515 1 1 0 0 0 0 0 0 0 0 0 0 0 0 0 0 0 0 0
200516 1 1 0 0 0 0 0 0 0 0 0 0 0 0 0 0 0 0 0
200517 1 1 0 0 0 0 0 0 0 0 0 0 0 0 0 0 0 0 0
200518 1 1 0 0 0 0 0 0 0 0 0 0 0 0 0 0 0 0 0
200519 1 1 0 0 0 0 0 0 0 0 0 0 0 0 0 0 0 0 0
200520 1 1 0 0 0 0 0 0 0 0 0 0 0 0 0 0 0 0 0
200521 1 1 0 0 0 0 0 0 0 0 0 0 0 0 0 0 0 0 0
200522 1 1 0 0 0 0 0 0 0 0 0 0 0 0 0 0 0 0 0
200523 1 1 0 0 0 0 0 0 0 0 0 0 0 0 0 0 0 0 0
200524 1 1 0 0 0 0 0 0 0 0 0 0 0 0 0 0 0 0 0
200700 1 1 0 0 0 0 0 0 0 0 0 0 0 0 0 0 0 0 0
200701 1 1 0 0 0 0 0 0 0 0 0 0 0 0 0 0 0 0 0
200702 1 1 0 0 0 0 0 0 0 0 0 0 0 0 0 0 0 0 0
200703 1 1 0 0 0 0 0 0 0 0 0 0 0 0 0 0 0 0 0
200704 1 1 0 0 0 0 0 0 0 0 0 0 0 0 0 0 0 0 0
200705 1 1 0 0 0 0 0 0 0 0 0 0 0 0 0 0 0 0 0
200706 1 1 0 0 0 0 0 0 0 0 0 0 0 0 0 0 0 0 0
200707 1 1 0 0 0 0 0 0 0 0 0 0 0 0 0 0 0 0 0
200708 1 1 0 0 0 0 0 0 0 0 0 0 0 0 0 0 0 0 0
200709 1 1 0 0 0 0 0 0 0 0 0 0 0 0 0 0 0 0 0
200710 1 1 0 0 0 0 0 0 0 0 0 0 0 0 0 0 0 0 0
200711 1 1 0 0 0 0 0 0 0 0 0 0 0 0 0 0 0 0 0
200712 1 1 0 0 0 0 0 0 0 0 0 0 0 0 0 0 0 0 0
200713 1 1 0 0 0 0 0 0 0 0 0 0 0 0 0 0 0 0 0
200714 1 1 0 0 0 0 0 0 0 0 0 0 0 0 0 0 0 0 0
200715 1 1 0 0 0 0 0 0 0 0 0 0 0 0 0 0 0 0 0
200716 1 1 0 0 0 0 0 0 0 0 0 0 0 0 0 0 0 0 0
200717 1 1 0 0 0 0 0 0 0 0 0 0 0 0 0 0 0 0 0
200718 1 1 0 0 0 0 0 0 0 0 0 0 0 0 0 0 0 0 0
200719 1 1 0 0 0 0 0 0 0 0 0 0 0 0 0 0 0 0 0
200720 1 1 0 0 0 0 0 0 0 0 0 0 0 0 0 0 0 0 0
200721 1 1 0 0 0 0 0 0 0 0 0 0 0 0 0 0 0 0 0
200722 1 1 0 0 0 0 0 0 0 0 0 0 0 0 0 0 0 0 0
200723 1 1 0 0 0 0 0 0 0 0 0 0 0 0 0 0 0 0 0
200724 1 1 0 0 0 0 0 0 0 0 0 0 0 0 0 0 0 0 0
22216 1 1 0 0 0 0 0 0 0 0 0 0 0 0 0 0 0 0 0
22236 1 1 0 0 0 0 0 0 0 0 0 0 0 0 0 0 0 0 0
22237 1 1 0 0 0 0 0 0 0 0 0 0 0 0 0 0 0 0 0
22218 1 1 0 0 0 0 0 0 0 0 0 0 0 0 0 0 0 0 0
22223 1 1 0 0 0 0 0 0 0 0 0 0 0 0 0 0 0 0 0
22224 1 1 0 0 0 0 0 0 0 0 0 0 0 0 0 0 0 0 0
22225 1 1 0 0 0 0 0 0 0 0 0 0 0 0 0 0 0 0 0
22226 1 1 0 0 0 0 0 0 0 0 0 0 0 0 0 0 0 0 0
22227 1 1 0 0 0 0 0 0 0 0 0 0 0 0 0 0 0 0 0
22235 1 1 0 0 0 0 0 0 0 0 0 0 0 0 0 0 0 0 0
22029 1 1 0 0 0 0 0 0 0 0 0 0 0 0 0 0 0 0 0
22210 1 1 0 0 0 0 0 0 0 0 0 0 0 0 0 0 0 0 0
22212 1 1 0 0 0 0 0 0 0 0 0 0 0 0 0 0 0 0 0
22214 1 1 0 0 0 0 0 0 0 0 0 0 0 0 0 0 0 0 0
22220 1 1 0 0 0 0 0 0 0 0 0 0 0 0 0 0 0 0 0
22222 1 1 0 0 0 0 0 0 0 0 0 0 0 0 0 0 0 0 0
22228 1 1 0 0 0 0 0 0 0 0 0 0 0 0 0 0 0 0 0
22229 1 1 0 0 0 0 0 0 0 0 0 0 0 0 0 0 0 0 0
22230 1 1 0 0 0 0 0 0 0 0 0 0 0 0 0 0 0 0 0
22231 1 1 0 0 0 0 0 0 0 0 0 0 0 0 0 0 0 0 0
22232 1 1 0 0 0 0 0 0 0 0 0 0 0 0 0 0 0 0 0
22233 1 1 0 0 0 0 0 0 0 0 0 0 0 0 0 0 0 0 0
22234 1 1 0 0 0 0 0 0 0 0 0 0 0 0 0 0 0 0 0
22238 1 1 0 0 0 0 0 0 0 0 0 0 0 0 0 0 0 0 0
22239 1 1 0 0 0 0 0 0 0 0 0 0 0 0 0 0 0 0 0
