龟裂地下道	地下	层	1	0	1	1	86400	0	11012	7	23	7	23	0	11012	7	23	7	23	1	1	7623	100	0	0	0	0	0	0	0	17954	0	103012	17954	17955	0	0	1	2	3	40	50	40	50	15	20	15	20	14000	1	1	1	1	0	215	1	12219	100	10	1	12220	100	10	1	12221	100	10	1	12222	100	10	1	12223	100	10	1	12207	100	10	1	12208	100	10	1	12209	100	10	1	12210	100	10	1	12213	100	10	1				-1	80003	100	80004	100	80005	100											201	12
牛鬼的洞穴		层	2	0	1	1	86400	0	11017	16	10	16	10	0	11019	26	38	26	38	1	0	7849	100	0	0	0	0	0	0	103012	103012	13997	13996	13996	13997	0	0	1	16	16	30	100	30	100	10	20	10	20	14001	10	15	1	3	16	214	0	12202	10	5	1	12203	10	5	1	12204	10	5	1	12205	10	5	1	12206	10	5	1	12207	10	5	1	12208	10	5	1	12209	10	5	1	12210	10	5	1	12211	10	5	1				-1	5115	100	5116	100	5117	100	5118	100	80007	100	80008	100	80009	100	80010	100	210	6
法兰迷宫	地下	层	3	0	1	1	86400	0	1538	15	18	15	18	0						1	1	7820	100	0	17089	17088	17089	17088	17087	103012	103012	103012	103012	12000	12002	0	0	1	8	10	40	60	40	60	10	20	10	20	14002	10	15	1	3	8	214	0	15177	60	5	1	15179	60	5	1	15183	60	5	1	15000	60	5	1	15000	60	5	1	15001	60	5	1	15002	60	5	1	12312	60	5	1	12312	60	5	1	12312	60	5	1	80014	3		1	6004	100	6005	100	6006	100	60072	100	60075	100							200	12
炉	地下	层	4	0	1	1	86400	0	15511	1	8	1	8	0	15510	44	39	44	39	1	1	7623	100	0	0	0	0	0	0	0	103012	0	103012	17954	17955	0	0	1	5	6	60	70	60	70	15	20	15	20	14004	14	16	1	3	0	213	1	12197	50	15	1	12198	50	20	1	12199	50	15	2	12200	50	25	2	12203	50	20	1	12222	50	8	1	12223	50	10	1	12218	50	18	2	12220	50	17	2	12209	50	7	2				-1	6084	100	80040	100	80041	100	80042	100	80043	100	80044	100	80045	100	80046	100	213	12
玄关	地下	层	5	0	1	1	86400	0	15502	10	6	10	6	0	15503	6	44	6	44	1	1	9369	100	0	0	0	0	0	0	13271	103012	13274	103012	13270	13271	0	0	1	7	8	50	100	50	100	15	20	15	20	14005	18	20	1	3	0	215	1	15000	20	10	1	15001	20	10	1	15002	20	10	2	15003	20	10	2	15004	20	10	3	15005	20	10	3	15006	20	10	4	15007	20	10	4	15008	20	10	5	15009	20	10	5				-1	80047	100	80048	100	80049	100	80051	100	80051	100	80051	100	80051	100	80051	100	203	12
秦利狼 悼奔	地下	层	6	0	1	1	86400	0	666	73	2	73	2	0	666	73	4	73	4	1	1	9344	100	0	0	0	0	0	0	13271	13270	13270	13271	13270	13271	0	0	1	4	6	80	100	80	100	16	24	16	24	14006	12	15	1	3	2	214	1	15000	20	6	1	15001	20	6	2	15002	20	6	1	15003	20	6	3	15004	10	3	2	10014	20	3	3	10433	20	3	1	10497	20	3	2	11018	20	3	2	11034	20	3	3				-1																	214	12
竞技场		层	7	0	1	1	86400	0	1405	25	25	80	80	0	1405	25	25	80	80	1	0	1003	100	0	15803	15803	15803	15803	15803	103012	103012	103012	103012	13996	13997	0	0	1	1	1	20	40	20	40	15	20	15	20	1000	1	5	1	3	0	214	0																																										1		-1																	201	12
霞之洞穴	地下	层	8	0	1	1	86400	0	100	600	300	610	310	0	15521	10	19	10	19	1	1	9609	100	0	0	0	0	0	0	103012	103012	17976	17977	17976	17977	0	0	1	10	10	40	80	40	80	15	20	15	20	14008	5	15	1	3	6	213	1																																										1		-1	6176	100	60190	100													210	5
水之洞穴	一阶段	层	9	0	1	1	86400	0	15542	10	8	10	8	0	15543	6	5	6	5	1	1	9491	100	0	0	0	0	0	0	103012	103012	103012	103012	17966	17967	0	0	1	19	19	40	60	40	60	10	20	10	20	13007	55	59	1	3	20	215	1	15082	20	10	1	15083	20	10	1	15084	20	10	2	15085	20	10	2	15086	20	10	3	15087	20	10	3	15088	20	10	4	15089	20	10	4	15090	20	10	5	15091	20	10	5				-1																		2
水之洞穴	二阶段	层	10	0	1	1	86400	0	15543	5	5	15	25	0	15544	22	48	22	48	1	1	9491	100	0	0	0	0	0	0	103012	103012	103012	103012	17966	17967	0	0	1	9	9	40	60	40	60	10	20	10	20	13007	60	62	1	3	10	215	0	15082	20	1	1	15083	20	1	1	15084	20	1	2	15085	20	1	2	15086	20	1	3	15087	20	1	3	15088	20	1	4	15089	20	1	4	15090	20	1	5	15091	20	1	5				-1																		2
水之洞穴	二阶段	层	11	0	1	1	86400	0	15543	5	5	15	25	0	15546	22	48	22	48	1	1	9491	100	0	0	0	0	0	0	103012	103012	103012	103012	17966	17967	0	0	1	9	9	40	60	40	60	10	20	10	20	13007	60	62	1	3	10	215	0	15082	20	1	1	15083	20	1	1	15084	20	1	2	15085	20	1	2	15086	20	1	3	15087	20	1	3	15088	20	1	4	15089	20	1	4	15090	20	1	5	15091	20	1	5				-1																		2
水之洞穴	二阶段	层	12	0	1	1	86400	0	15543	5	5	15	25	0	15547	22	48	22	48	1	1	9491	100	0	0	0	0	0	0	103012	103012	103012	103012	17966	17967	0	0	1	9	9	40	60	40	60	10	20	10	20	13007	60	62	1	3	10	215	0	15082	20	1	1	15083	20	1	1	15084	20	1	2	15085	20	1	2	15086	20	1	3	15087	20	1	3	15088	20	1	4	15089	20	1	4	15090	20	1	5	15091	20	1	5				-1																		2
土之洞穴	第	层	13	0	1	1	86400	0	11034	6	5	6	5	0	11037	6	5	6	5	1	0	9523	100	0	0	0	0	0	0	103012	103012	103012	103012	17970	17971	0	0	1	4	4	40	60	40	60	10	20	10	20	5051	13	15	1	3	2	215	0																																												-1																		4
土之洞穴	第	层	14	0	1	1	86400	0	11034	26	49	26	49	0	11037	26	49	26	49	1	0	9523	100	0	0	0	0	0	0	103012	103012	103012	103012	17970	17971	0	0	1	4	4	40	60	40	60	10	20	10	20	5051	13	15	1	3	2	215	0	15082																																											-1																		4
土之洞穴	第	层	15	0	1	1	86400	0	11034	18	73	18	73	0	11036	18	73	18	73	1	0	9523	100	0	0	0	0	0	0	103012	103012	103012	103012	17970	17971	0	0	1	3	3	40	60	40	60	10	20	10	20	5051	13	15	1	3	2	215	0																																												-1																		4
暗黑医师的藏身处	地下	层	101	0	1	1	86400	0	100	275	122	310	150	0	15500	15	4	15	4	1	1	9344	100	0	0	0	0	0	0	103012	103012	13270	13271	13270	13271	0	0	1	1	2	80	100	80	100	15	20	15	20	13000	7	10	1	3	2	215	1	15000	20	6	1	15001	20	6	2	15002	20	6	1	15003	20	6	3	15004	10	3	2	10014	20	3	3	10494	20	3	1	10497	20	3	2	11018	20	3	2	11034	20	3	3				-1	5072	100	5074	100	80000	100	80001	100	80002	100							210	12
迷之迷宫	地下	层	102	0	1	1	86400	0	100	625	125	722	153	0						1	1	9539	100	0	0	0	0	0	0	103012	103012	103012	103012	17972	17973	0	0	1	12	15	50	70	50	70	15	20	15	20	13002	12	15	1	3	4	215	1	15157	40	10	1	15158	40	10	1	15159	40	10	1	15160	40	10	1	15161	40	10	1	15162	40	10	1	15163	40	10	1	15164	40	10	1	15165	40	10	1	15166	40	10	1	80023	4		0	6029	100	60095	100	60096	100	60097	100	60098	100	60099	100					210	12
哥布林洞窟		层	103	0	1	1	86400	0	100	437	308	437	308	0						1	0	7623	100	0	0	0	0	0	0	103012	103012	103012	103012	17954	17955	0	0	1	3	5	100	150	100	150	25	35	25	35	13001	5	10	1	4	8	215	1																																									80022	3		2	80015	100	80016	100	80017	100	80018	100	80019	100	80020	100	80021	100	5127	100	210	12
奇怪的洞穴	地下	层	104	0	1	1	86400	0	100	527	35	546	39	0	15505	40	6	40	6	1	1	7997	100	0	0	0	0	0	0	103012	103012	12002	12000	12000	12002	0	0	1	10	12	60	60	60	60	15	20	15	20	13003	17	20	1	3	12	214	0																																												-1	6048	100	80024	100	80025	100	80026	100	80027	100	60120	100	60121	100	60122	100	210	12
布满青苔的洞穴		层	105	0	1	1	86400	0	100	380	353	380	353	0	15507	27	35	27	35	1	0	9482	100	0	0	0	0	0	0	1	103012	103012	103012	17964	17965	0	0	1	7	8	60	60	60	60	15	20	15	20	13004	18	20	1	3	0	214	1	15068	20	8	1	15070	20	8	1	15072	40	8	1	15074	40	8	1	15076	60	8	1	15079	60	8	1	15080	80	8	1	15081	80	8	1	12497	100	5	1	12499	100	5	1				-1	80031	100	80032	100	80033	100	80034	100	80035	100	80036	100	80037	100	80038	100	214	12
迷路之穴	第	层	107	0	1	1	86400	0	100	246	210	223	206	0	15800	11	13	11	13	1	1	9451	100	0	13547	13546	13541	13542	13540	103012	103012	17962	17963	17962	17963	0	0	1	8	10	30	50	30	50	10	20	10	20	13006	6	10	1	4	0	214	0	12114	30	5	1	12111	30	5	1	12135	40	5	2	12132	40	5	2	12127	40	5	3	12117	40	5	3	12118	50	3	4	12120	50	3	4	12109	60	4	5	12101	60	4	5				-1	5415	100																12
白龙城		层	108	0	1	1	86400	0	15579	25	15	25	15	0	15589	15	27	15	27	1	0	1003	100	0	17089	17089	17089	17089	17087	13996	13997	13997	13996	13996	13997	0	0	1	19	19	30	100	30	100	10	20	10	20	14014	67	69	1	1	8	214	0																																												-1																		2
黑龙城		层	109	0	1	1	86400	0	15578	24	26	24	26	0	15590	15	27	15	27	1	0	1003	100	0	17089	17089	17089	17089	17087	13996	13997	13997	13996	13996	13997	0	0	1	19	19	30	100	30	100	10	20	10	20	14014	67	69	1	1	8	214	0																																												-1																		7
白龙城	2	层	110	0	1	1	86400	0	15583	25	15	25	15	0	15585	25	34	25	34	1	0	1003	100	0	17089	17089	17089	17089	17087	13996	13997	13997	13996	13996	13997	0	0	1	9	9	30	100	30	100	10	20	10	20	14014	69	71	1	1	8	214	0																																												-1																		2
黑龙城	2	层	111	0	1	1	86400	0	15584	24	26	24	26	0	15586	24	40	24	40	1	0	1003	100	0	17089	17089	17089	17089	17087	13996	13997	13997	13996	13996	13997	0	0	1	9	9	30	100	30	100	10	20	10	20	14014	69	71	1	1	8	214	0																																												-1																		7
炎之洞穴	地下	层	112	0	1	1	86400	0	15595	25	4	25	4	0	15596	10	8	10	8	1	1	9618	100	0	0	0	0	0	0	103012	103012	103012	103012	17982	17983	0	0	1	15	15	40	60	40	60	10	20	10	20	13008	40	45	1	3	8	215	1																																												-1																		8
炎之洞穴	地下	层	113	0	1	1	86400	0	15596	10	74	10	74	0	15597	20	42	20	42	1	1	9618	100	0	0	0	0	0	0	103012	103012	103012	103012	17982	17983	0	0	1	10	10	40	60	40	60	10	20	10	20	13008	46	48	1	3	4	215	1																																												-1																		8
炎之洞穴	地下	层	114	0	1	1	86400	0	15596	85	38	85	38	0	15598	20	42	20	42	1	1	9618	100	0	0	0	0	0	0	103012	103012	103012	103012	17982	17983	0	0	1	10	10	40	60	40	60	10	20	10	20	13008	46	48	1	3	4	215	1																																												-1																		8
法兰未开放迷宫		层	200	0	1	1	86400	0	5004	61	56	61	56	0	5004	46	53	46	53	1	0	7639	100	0	0	0	0	0	0	0	103012	0	103012	17952	17953	0	0	1	5	5	100	120	100	120	20	20	20	20	14009	5	10	1	3	0	214	0																																									80066	3		-1																	201	0
法兰未开放迷宫		层	201	0	1	1	86400	0	5004	59	26	59	26	0	5004	46	41	46	41	1	0	8069	100	0	0	0	0	0	0	0	103012	0	103012	12000	12002	0	0	1	5	5	100	120	100	120	20	20	20	20	14010	15	20	1	3	0	214	0																																									80067	3		-1																	201	4
法兰未开放迷宫		层	202	0	1	1	86400	0	5004	38	22	38	22	0	5004	39	40	39	40	1	0	9491	100	0	0	0	0	0	0	0	103012	0	103012	17966	17967	0	0	1	5	5	100	120	100	120	20	20	20	20	14011	25	30	1	3	0	214	1	15082	20	10	1	15083	20	10	1	15084	20	10	2	15085	20	10	2	15086	20	10	3	15087	20	10	3	15088	20	10	4	15089	20	10	4	15090	20	10	5	15091	20	10	5	80068	3		-1																	201	12
法兰未开放迷宫		层	203	0	1	1	86400	0	5004	19	26	19	26	0	5004	19	26	19	26	1	0	9369	100	0	0	0	0	0	0	0	103012	0	103012	13270	13271	0	0	1	5	5	100	120	100	120	20	20	20	20	14012	35	40	1	3	0	214	0	15000	20	10	1	15001	20	10	1	15002	20	10	2	15003	20	10	2	15004	20	10	3	15005	20	10	3	15006	20	10	4	15007	20	10	4	15008	20	10	5	15009	20	10	5	80069	3		-1																	201	8
法兰未开放迷宫		层	204	0	1	1	86400	0	5004	16	56	16	56	0	5004	31	53	31	53	1	0	7804	100	0	0	0	0	0	0	0	103012	0	103012	13274	13275	0	0	1	5	5	100	120	100	120	20	20	20	20	14013	45	50	1	3	0	214	0	15097	20	10	1	15098	20	10	1	15099	20	10	2	15100	20	10	2	15101	20	10	3	15102	20	10	3	15103	20	10	4	15104	20	10	4	15105	20	10	5	15106	20	10	5	80070	3		-1																	201	10
阿鲁巴斯洞窟		层	300	0	1	1	86400	0	15517	8	38	8	38	0	15518	91	66	91	66	1	0	7849	100	0	0	0	0	0	0	0	103012	13997	13996	13996	13997	0	0	1	15	16	30	100	30	100	15	20	15	20	15000	20	23	1	3	8	214	0	12202	10	5	1	12203	10	5	1	12204	10	5	1	12205	10	5	1	12206	10	5	1	12207	10	5	1	12208	10	5	1	12209	10	5	1	12210	10	5	1	12211	10	5	1				-1	6107	100															210	6
黑色的祈祷	地下	层	301	0	1	1	86400	0	16507	14	14	14	14	0	16508	39	5	39	5	1	1	9555	100	0	0	0	0	0	0	103012	103012	103012	103012	17974	17975	0	0	1	6	6	40	80	40	80	10	20	10	20	15001	20	23	1	3	8	214	0	15011	10	5	1	15012	10	5	1	15013	10	5	1	15014	10	5	1	15015	10	5	1	15016	10	5	1	15017	10	5	1	15018	10	5	1	15019	10	5	1	15020	10	5	1				-1	6303	100	6304	100													214	6
罗连斯研究塔		楼	302	0	1	1	86400	0	23003	42	21	42	21	0	23001	23	45	23	45	1	0	3256	100	0	15827	15827	15827	15827	15827	103012	103012	103012	103012	12000	12002	0	0	1	16	16	40	80	40	80	10	20	10	20	15002	22	25	1	3	12	214	0																																												-1																	214	0
沙漠之祠	地下	层	303	0	1	1	86400	0	300	600	350	610	360	0	13022	7	4	7	4	1	1	7804	100	0	13081	13109	13087	13083	13096	103012	103012	13998	13999	13998	13999	0	0	1	5	5	50	90	50	90	15	20	15	20	15003	26	28	1	3	2	213	1	12202	30	1	1	12203	30	1	1	12207	30	1	1	12209	30	1	1	12216	30	1	1	12219	30	1	1	12221	30	1	1	12212	30	1	1	12224	30	1	1	12217	30	1	1				-1																	211	2
沙尘之洞	地下	层	304	0	1	1	86400	0	3355	11	5	11	5	0						1	1	9609	100	0	0	0	0	0	0	13275	13274	13275	13274	13274	13275	0	0	1	8	12	60	80	60	80	16	20	16	20	15004	25	28	1	3	12	215	1	15623	25	1	1	15625	25	1	1	15627	25	1	1	15629	25	1	1	15631	25	1	1	15633	25	1	1	15635	25	1	1	15637	25	1	1	15639	25	1	1	15641	25	1	1	80071	3		3	63019	100	63020	100	63021	100											213	12
峡之洞窟	下阶 第	层	305	0	1	1	86400	0	15525	23	5	23	5	0	15526	8	7	8	7	1	1	7807	100	0	0	0	0	0	0	17955	17954	17954	17955	17954	17955	0	0	1	10	10	60	80	60	80	10	20	15	25	15005	43	47	1	4	10	213	1																																												-1																	213	6
峡之洞窟	上阶 第	层	306	0	1	1	86400	0	15526	91	7	91	7	0	15530	16	21	16	21	1	0	7807	100	0	0	0	0	0	0	17954	17955	17955	17954	17954	17955	0	0	1	10	10	90	100	90	100	15	20	15	20	15006	47	51	1	4	12	213	1																																												-1																		6
风之洞穴		层	307	0	1	1	86400	0	15564	23	5	23	5	0	15565	25	22	25	22	1	0	9682	100	0	0	0	0	0	0	103012	103012	103012	103012	17990	17991	0	0	1	9	9	40	60	40	60	10	20	10	20	15007	27	29	1	3	8	215	1																																												-1																		3
风之洞穴	1	层	308	0	1	1	86400	0	15566	10	8	10	8	0	15567	5	3	5	3	1	0	9682	100	0	0	0	0	0	0	103012	103012	103012	103012	17990	17991	0	0	1	9	9	40	60	40	60	10	20	10	20	15007	30	32	1	3	8	215	1																																												-1																		3
走失的龙的巢	地下	层	309	0	1	1	86400	0	15568	58	45	58	45	0	15574	6	6	6	6	1	1	9682	100	0	0	0	0	0	0	103012	103012	103012	103012	17990	17991	0	0	1	16	16	60	80	60	80	10	20	10	20	15007	30	35	1	3	4	215	1																																												-1																		5
贝兹雷姆迷宫		层	400	0	1	1	86400	0	16510	25	7	25	7	0	16511	26	72	26	72	1	0	1191	100	0	17065	17065	17065	17065	17065	103012	103012	103012	103012	12000	12002	0	0	1	12	12	60	80	60	80	10	20	10	20	16000	35	37	1	3	12	214	0																																												-1																	214	0
地下实验室	地下	层	401	0	1	1	86400	0	4402	16	13	16	13	0	4430	20	17	20	17	1	1	3077	100	0	17088	17088	17088	17088	17088	0	11574	0	103012	13996	13997	0	0	1	5	5	50	80	50	80	10	20	10	20	16001	20	22	1	3	2	215	0	17088	20	3	1	17087	20	3	1	17089	20	3	1	17092	20	1	2	17093	20	1	2	17094	20	1	2	17095	20	1	2	10684	5	80	3												-1																		12
积雪的山路	海拔	00M	402	0	1	1	86400	0	402	84	193	84	193	0	15522	41	40	41	40	1	0	8175	100	0	0	0	0	0	0	103012	103012	17957	17956	17956	17957	0	0	1	20	24	40	40	40	80	10	20	10	20	16003	40	43	1	4	16	215	0	11622	100	5	1	11623	100	5	1	11624	100	5	1	15000	100	1	1	15003	100	1	1	15005	100	1	1	15007	100	1	1	15009	100	1	1												-1																	202	12
海盗的巢穴	地下	层	403	0	1	1	86400	0	16521	10	13	10	13	0	16520	10	15	10	15	1	1	3009	100	0	17089	17088	17089	17088	17087	12002	12000	12000	12002	12000	12002	17090	17091	1	10	10	60	60	60	60	20	30	20	30	12010	35	40	1	4	10	215	0	12002	10	1	1	11035	100	8	2	11022	1	1	1	10018	100	16	1	11017	100	4	2	10021	100	6	1	10017	100	18	1	11016	100	16	2	10032	100	2	1	10033	100	1	1				-1	5400	100	5401	100	5402	100	5403	100	5404	100	5405	100						12
奇怪的坑道	地下	层	404	0	1	1	86400	0	400	356	345	373	450	0	15531	12	64	12	64	1	1	7639	100	0	0	0	0	0	0	103012	103012	103012	103012	17954	17955	0	0	1	12	16	50	60	50	60	15	20	15	20	16004	27	30	1	3	14	213	1																																									5307	1	5246	18																		6
永久的冻土	第	层	406	0	1	1	86400	0	15536	21	8	21	8	0	15537	24	15	24	15	1	1	8177	100	0	0	0	0	0	0	103012	103012	103012	103012	17956	17957	0	0	1	36	36	40	60	40	60	10	20	10	20	16005	56	64	1	3	36	216	1																																												-1																		9
深渊	第	层	407	0	1	1	86400	0	15538	14	7	14	7	0	15539	30	21	30	21	1	1	9555	100	0	0	0	0	0	0	103012	103012	103012	103012	17974	17975	0	0	1	36	36	40	60	40	60	10	20	10	20	16006	55	64	1	3	36	216	1	15011	20	10	1	15012	20	10	1	15013	20	10	2	15014	20	10	2	15015	20	10	3	15016	20	10	3	15017	20	10	4	15018	20	10	4	15019	20	10	5	15020	20	10	5				-1																		12
咨询之塔		层	408	0	1	1	86400	0	15552	18	15	18	15	0	15557	13	9	13	9	1	0	1003	100	0	17089	17089	17089	17089	17087	103012	103012	13997	13996	13996	13997	0	0	1	9	9	30	100	30	100	10	20	10	20	16007	61	62	1	1	8	214	0																																												-1																		2
咨询之塔		层	409	0	1	1	86400	0	15552	18	39	18	39	0	15558	13	9	13	9	1	0	1003	100	0	17089	17089	17089	17089	17087	103012	103012	13997	13996	13996	13997	0	0	1	9	9	30	100	30	100	10	20	10	20	16007	61	62	1	1	8	214	0																																												-1																		7
咨询之塔	1	层	410	0	1	1	86400	0	15557	16	18	16	18	0	15548	13	9	13	9	1	0	1003	100	0	17089	17089	17089	17089	17087	13996	13997	13997	13996	13996	13997	0	0	1	9	9	30	100	30	100	10	20	10	20	16007	62	63	1	1	8	214	0																																												-1																		2
咨询之塔	1	层	411	0	1	1	86400	0	15557	10	18	10	18	0	15550	14	9	14	9	1	0	1003	100	0	17089	17089	17089	17089	17087	13996	13997	13997	13996	13996	13997	0	0	1	9	9	30	100	30	100	10	20	10	20	16007	62	63	1	1	8	214	0																																												-1																		0
咨询之塔	1	层	412	0	1	1	86400	0	15558	16	18	16	18	0	15550	12	9	12	9	1	0	1003	100	0	17089	17089	17089	17089	17087	13996	13997	13997	13996	13996	13997	0	0	1	9	9	30	100	30	100	10	20	10	20	16007	62	63	1	1	8	214	0																																												-1																		0
咨询之塔	1	层	413	0	1	1	86400	0	15558	10	18	10	18	0	15549	13	9	13	9	1	0	1003	100	0	17089	17089	17089	17089	17087	13996	13997	13997	13996	13996	13997	0	0	1	9	9	30	100	30	100	10	20	10	20	16007	62	63	1	1	8	214	0																																												-1																		7
咨询之塔	2	层	414	0	1	1	86400	0	15548	16	18	16	18	0	15559	14	9	14	9	1	0	1003	100	0	17089	17089	17089	17089	17087	13996	13997	13997	13996	13996	13997	0	0	1	9	9	30	100	30	100	10	20	10	20	16008	63	64	1	1	8	214	0																																												-1																		2
咨询之塔	2	层	415	0	1	1	86400	0	15548	10	18	10	18	0	15553	14	9	14	9	1	0	1003	100	0	17089	17089	17089	17089	17087	13996	13997	13997	13996	13996	13997	0	0	1	9	9	30	100	30	100	10	20	10	20	16008	63	64	1	1	8	214	0																																												-1																		0
咨询之塔	2	层	416	0	1	1	86400	0	15550	16	18	16	18	0	15559	12	9	12	9	1	0	1003	100	0	17089	17089	17089	17089	17087	13996	13997	13997	13996	13996	13997	0	0	1	9	9	30	100	30	100	10	20	10	20	16008	63	64	1	1	8	214	0																																												-1																		2
咨询之塔	2	层	417	0	1	1	86400	0	15550	10	18	10	18	0	15560	14	9	14	9	1	0	1003	100	0	17089	17089	17089	17089	17087	13996	13997	13997	13996	13996	13997	0	0	1	9	9	30	100	30	100	10	20	10	20	16008	63	64	1	1	8	214	0																																												-1																		7
咨询之塔	2	层	418	0	1	1	86400	0	15549	16	18	16	18	0	15553	12	9	12	9	1	0	1003	100	0	17089	17089	17089	17089	17087	13996	13997	13997	13996	13996	13997	0	0	1	9	9	30	100	30	100	10	20	10	20	16008	63	64	1	1	8	214	0																																												-1																		0
咨询之塔	2	层	419	0	1	1	86400	0	15549	10	18	10	18	0	15560	12	9	12	9	1	0	1003	100	0	17089	17089	17089	17089	17087	13996	13997	13997	13996	13996	13997	0	0	1	9	9	30	100	30	100	10	20	10	20	16008	63	64	1	1	8	214	0																																												-1																		7
咨询之塔	3	层	420	0	1	1	86400	0	15559	16	18	16	18	0	15554	14	9	14	9	1	0	1003	100	0	17089	17089	17089	17089	17087	13996	13997	13997	13996	13996	13997	0	0	1	9	9	30	100	30	100	10	20	10	20	16009	64	65	1	1	8	214	0																																												-1																		2
咨询之塔	3	层	421	0	1	1	86400	0	15559	10	18	10	18	0	15556	14	9	14	9	1	0	1003	100	0	17089	17089	17089	17089	17087	13996	13997	13997	13996	13996	13997	0	0	1	9	9	30	100	30	100	10	20	10	20	16009	64	65	1	1	8	214	0																																												-1																		0
咨询之塔	3	层	422	0	1	1	86400	0	15553	16	18	16	18	0	15554	12	9	12	9	1	0	1003	100	0	17089	17089	17089	17089	17087	13996	13997	13997	13996	13996	13997	0	0	1	9	9	30	100	30	100	10	20	10	20	16009	64	65	1	1	8	214	0																																												-1																		2
咨询之塔	3	层	423	0	1	1	86400	0	15553	13	18	13	18	0	15556	13	9	13	9	1	0	1003	100	0	17089	17089	17089	17089	17087	13996	13997	13997	13996	13996	13997	0	0	1	9	9	30	100	30	100	10	20	10	20	16009	64	65	1	1	8	214	0																																												-1																		0
咨询之塔	3	层	424	0	1	1	86400	0	15553	10	18	10	18	0	15555	14	9	14	9	1	0	1003	100	0	17089	17089	17089	17089	17087	13996	13997	13997	13996	13996	13997	0	0	1	9	9	30	100	30	100	10	20	10	20	16009	64	65	1	1	8	214	0																																												-1																		7
咨询之塔	3	层	425	0	1	1	86400	0	15560	16	18	16	18	0	15556	12	9	12	9	1	0	1003	100	0	17089	17089	17089	17089	17087	13996	13997	13997	13996	13996	13997	0	0	1	9	9	30	100	30	100	10	20	10	20	16009	64	65	1	1	8	214	0																																												-1																		0
咨询之塔	3	层	426	0	1	1	86400	0	15560	10	18	10	18	0	15555	12	9	12	9	1	0	1003	100	0	17089	17089	17089	17089	17087	13996	13997	13997	13996	13996	13997	0	0	1	9	9	30	100	30	100	10	20	10	20	16009	64	65	1	1	8	214	0																																												-1																		7
布朗山	 ~	00M	600	0	1	1	86400	0	36003	17	4	17	4	0	36001	57	66	57	66	1	0	7639	100	0	0	0	0	0	0	103012	103012	103012	103012	17952	17953	0	0	1	9	9	40	60	40	60	10	20	10	20	19004	31	33	1	3	6	214	0																																												-1																		3
布朗山	 ~1	00M	601	0	1	1	86400	0	36001	58	21	58	21	0	36002	55	12	55	12	1	0	7639	100	0	0	0	0	0	0	0	103012	103012	103012	17952	17953	0	0	1	7	7	40	60	40	60	10	20	10	20	19005	33	35	1	3	6	214	0																																												-1																		3
地下水脉	第	层	602	0	1	1	86400	0	37010	36	30	36	30	0	37008	77	59	77	59	1	0	9650	100	0	0	0	0	0	0	103012	103012	103012	103012	103012	103012	0	0	1	12	12	40	60	40	60	10	20	10	20	20023	63	66	1	3	12	215	1																																												-1																		2
布朗山	 ~	00M	603	0	1	1	86400	0	36003	12	2	12	2	0	36002	61	28	61	28	1	0	7639	100	0	0	0	0	0	0	17952	17953	17953	17952	17952	17953	0	0	1	17	17	40	60	40	60	10	20	10	20	19006	68	72	1	3	16	214	0																																												-1																		3
地下遗迹	地下	层	604	0	1	1	86400	0	35000	13	34	13	34	0	35001	20	4	20	4	1	1	7849	100	0	0	0	0	0	0	103012	103012	103012	103012	13996	13997	0	0	1	12	12	60	80	60	80	10	20	10	20	19007	46	50	1	3	12	214	0																																												-1	306125	100																2
奴 唱公	 地下	层	605	0	1	1	86400	0	34017	9	6	9	6	0	34018	23	21	23	21	1	1	9482	100	0	0	0	0	0	0	103012	103012	103012	103012	17964	17965	0	0	1	9	9	60	60	60	60	15	20	15	20	19017	67	68	1	3	10	213	1	15068	20	4	1	15070	20	4	1	15072	40	4	1	15074	40	4	1	15076	60	4	1	15079	60	4	1	15080	80	4	1	15081	80	4	1	12497	100	4	1	12499	100	4	1				-1																		0
无人洞穴	地下	层	700	0	1	1	86400	0	33223	23	16	23	16	0	33226	7	4	7	4	1	1	9555	100	0	0	0	0	0	0	103012	103012	103012	103012	17974	17975	0	0	1	15	15	60	80	60	80	10	20	10	20	19002	50	60	1	3	6	214	0																																												-1																	214	0
无人洞穴	地下	层	701	0	1	1	86400	0	33224	23	16	23	16	0	33227	7	4	7	4	1	1	9555	100	0	0	0	0	0	0	103012	103012	103012	103012	17974	17975	0	0	1	15	15	60	80	60	80	10	20	10	20	19001	35	45	1	3	6	214	0																																												-1																	214	0
无人洞穴	地下	层	702	0	1	1	86400	0	33225	23	16	23	16	0	33228	7	4	7	4	1	1	9555	100	0	0	0	0	0	0	103012	103012	103012	103012	17974	17975	0	0	1	15	15	60	80	60	80	10	20	10	20	19000	20	30	1	3	6	214	0																																												-1																	214	0
时波之祠	地下	层	703	0	1	1	86400	0	34004	9	4	9	4	0	34005	10	25	10	25	1	1	9555	100	0	0	0	0	0	0	103012	103012	103012	103012	17974	17975	0	0	1	10	10	60	80	60	80	10	20	10	20	20009	20	25	1	3	6	214	0																																												-1																	214	0
深绿的山道	海拔	00M	704	0	1	1	86400	0	33000	290	436	290	436	0	33246	7	10	7	10	1	0	9344	100	0	0	0	0	0	0	103012	103012	103012	103012	17962	17963	0	0	1	13	13	25	45	25	45	10	20	10	20	19003	18	30	1	0	0	215	0	10094	100	4	1	10090	100	4	1	10091	100	4	1	12458	100	62	1	12459	100	50	1	12463	100	3	1	12460	100	2	1	11627	100	1	1	12471	100	5	1	15064	50	1	1				-1																	220	5
盗贼的老巢	地下	层	705	0	1	1	86400	0	47000	11	6	11	6	0	47001	19	30	19	30	1	1	9555	100	0	0	0	0	0	0	103012	103012	103012	103012	17974	17975	0	0	1	5	5	50	50	50	50	10	10	10	10	24000	25	30	1	3	6	214	0																																												-1																	214	0
未知	地下	层	799	0	1	1	86400	0	33232	15	14	15	14	0	33233	7	13	7	13	1	1	9564	100	0	0	0	0	0	0	15562	17978	15561	17979	17978	17979	0	0	1	1	1	50	60	50	60	10	18	10	18	20003	1	100	10	3	2	215	0																																												-1	321012	100	321013	100	321014	100	40484	100	40485	100	40486	100					215	12
雷姆而山	 ~	00M	800	0	1	1	86400	0	47007	7	3	7	3	0	47005	55	20	55	20	1	0	7639	100	0	0	0	0	0	0	103012	103012	103012	103012	17952	17953	0	0	1	9	9	40	60	40	60	10	20	10	20	24002	29	31	1	3	6	214	0																																												-1																		3
雷姆而山	 ~1	00M	801	0	1	1	86400	0	47005	70	16	70	16	0	47006	60	54	60	54	1	0	7639	100	0	0	0	0	0	0	0	103012	103012	103012	17952	17953	0	0	1	7	7	40	60	40	60	10	20	10	20	24003	31	33	1	3	6	214	0																																												-1																		3
雷姆而山	 ~	00M	802	0	1	1	86400	0	47007	10	6	10	6	0	47006	32	63	32	63	1	0	7639	100	0	0	0	0	0	0	17952	17953	17953	17952	17952	17953	0	0	1	17	17	40	60	40	60	10	20	10	20	24004	48	52	1	3	16	214	0																																												-1																		3
伊姆尔森林			803	0	1	1	86400	0	47010	31	7	31	7	0	47011	10	14	10	14	1	0	9482	100	0	0	0	0	0	0	103012	103012	103012	103012	17964	17965	0	0	0	1	1	100	100	100	100	10	20	10	20	23001	71	73	1	3	2	213	0	15067	20	10	1	15068	20	10	1	15069	20	10	2	15070	20	10	2	15071	20	10	3	15072	20	10	3	15073	20	10	4	15074	20	10	4	15075	20	10	5	15076	20	10	5				-1																		0
伊姆尔森林			804	0	1	1	86400	0	47011	29	11	29	11	0	47013	52	48	52	48	1	0	9482	100	0	0	0	0	0	0	103012	103012	103012	103012	17964	17965	0	0	0	1	1	100	100	100	100	10	20	10	20	23001	71	73	1	3	2	213	0	15067	20	10	1	15068	20	10	1	15069	20	10	2	15070	20	10	2	15071	20	10	3	15072	20	10	3	15073	20	10	4	15074	20	10	4	15075	20	10	5	15076	20	10	5				-1																		0
伊姆尔森林			805	0	1	1	86400	0	47013	36	39	36	39	0	47014	55	34	55	34	1	0	9482	100	0	0	0	0	0	0	103012	103012	103012	103012	17964	17965	0	0	0	1	1	100	100	100	100	10	20	10	20	23001	71	73	1	3	2	213	0	15067	20	10	1	15068	20	10	1	15069	20	10	2	15070	20	10	2	15071	20	10	3	15072	20	10	3	15073	20	10	4	15074	20	10	4	15075	20	10	5	15076	20	10	5				-1																		0
伊姆尔森林			806	0	1	1	86400	0	47014	11	35	11	35	0	47017	22	23	22	23	1	0	9482	100	0	0	0	0	0	0	103012	103012	103012	103012	17964	17965	0	0	0	1	1	100	100	100	100	10	20	10	20	23001	71	73	1	3	2	213	0	15067	20	10	1	15068	20	10	1	15069	20	10	2	15070	20	10	2	15071	20	10	3	15072	20	10	3	15073	20	10	4	15074	20	10	4	15075	20	10	5	15076	20	10	5				-1																		0
诅咒者的洞穴(水)	地下	层	807	0	1	1	86400	0	43000	418	249	418	249	0	47019	9	30	9	30	1	1	9650	100	0	0	0	0	0	0	0	103012	103012	103012	17986	17987	0	0	1	19	19	40	60	40	60	10	20	10	20	25024	76	77	1	3	10	213	1																																												-1																		12
诅咒者的洞穴(火)	地下	层	808	0	1	1	86400	0	43000	580	531	580	531	0	47021	9	30	9	30	1	1	9618	100	0	0	0	0	0	0	0	103012	103012	103012	17982	17983	0	0	1	19	19	40	60	40	60	10	20	10	20	25025	76	77	1	3	10	213	1																																												-1																		12
诅咒者的洞穴(地)	地下	层	809	0	1	1	86400	0	43000	356	619	356	619	0	47023	9	30	9	30	1	1	9634	100	0	0	0	0	0	0	0	103012	103012	103012	17984	17985	0	0	1	19	19	40	60	40	60	10	20	10	20	25026	76	77	1	3	10	213	1																																												-1																		12
秘密通道			900	0	1	1	86400	0	46030	5	4	36	9	0	46031	5	3	5	3	1	1	1191	100	0	35103	35103	35103	35103	35103	103012	103012	103012	103012	103012	103012	0	0	0	5	5	40	60	40	60	8	16	8	16	23050	56	58	1	3	0	215	0																																												-1																		0
秘密通道			901	0	1	1	86400	0	46030	5	4	36	9	0	46032	5	3	5	3	1	1	1191	100	0	35103	35103	35103	35103	35103	103012	103012	103012	103012	103012	103012	0	0	0	5	5	40	60	40	60	8	16	8	16	23050	56	58	1	3	0	215	0																																												-1																		0
秘密通道			902	0	1	1	86400	0	46030	5	4	36	9	0	46033	5	3	5	3	1	1	1191	100	0	35103	35103	35103	35103	35103	103012	103012	103012	103012	103012	103012	0	0	0	5	5	40	60	40	60	8	16	8	16	23050	56	58	1	3	0	215	0																																												-1																		0
秘密通道			903	0	1	1	86400	0	46030	5	4	36	9	0	46034	5	3	5	3	1	1	1191	100	0	35103	35103	35103	35103	35103	103012	103012	103012	103012	103012	103012	0	0	0	5	5	40	60	40	60	8	16	8	16	23050	56	58	1	3	0	215	0																																												-1																		0
秘密通道			904	0	1	1	86400	0	46030	5	4	36	9	0	46035	5	3	5	3	1	1	1191	100	0	35103	35103	35103	35103	35103	103012	103012	103012	103012	103012	103012	0	0	0	5	5	40	60	40	60	8	16	8	16	23050	56	58	1	3	0	215	0																																												-1																		0
秘密通道			905	0	1	1	86400	0	46030	5	4	36	9	0	46036	5	3	5	3	1	1	1191	100	0	35103	35103	35103	35103	35103	103012	103012	103012	103012	103012	103012	0	0	0	5	5	40	60	40	60	8	16	8	16	23050	56	58	1	3	0	215	0																																												-1																		0
魔导研究塔		层	906	0	1	1	86400	0	46045	15	8	15	8	0	46047	25	44	25	44	1	0	3256	100	0	15827	15827	15827	15827	15827	103012	103012	103012	103012	12000	12002	0	0	1	16	16	40	80	40	80	10	20	10	20	23049	64	65	1	3	16	214	0																																												-1																		0
尼洞穴	 地下	层	907	0	1	1	86400	0	43981	40	39	40	39	0	43982	34	41	34	41	1	1	9466	100	0	0	0	0	0	0	0	13272	0	13273	13272	13273	0	0	1	16	16	30	80	30	80	10	20	10	20	24005	71	71	1	3	16	213	0	11098	20	10	1	11099	20	10	1	11100	20	10	2	11101	20	10	2	15053	20	5	3	15052	20	5	3	15058	20	5	4	15059	20	5	4	15060	20	5	5	15061	20	5	5				-1																		12
岛的洞窟	 地下	层	908	0	1	1	86400	0	46055	14	12	14	12	0	46057	42	28	42	28	1	1	7623	100	0	0	0	0	0	0	103012	103012	103012	103012	13272	13273	0	0	1	9	9	30	80	30	80	10	20	10	20	24008	73	73	1	3	10	213	0																																												-1																		0
岛的洞窟	 地下1	层	909	0	1	1	86400	0	46056	47	4	47	4	0	46058	13	25	13	25	1	1	7623	100	0	0	0	0	0	0	0	103012	103012	103012	13272	13273	0	0	1	9	9	30	80	30	80	10	20	10	20	24008	73	73	1	3	10	213	0																																												-1																		0
厩付狼 固泵		层	911	0	1	1	86400	0	59715	233	116	233	116	0	59715	214	36	214	36	1	1	9482	100	0	0	0	0	0	0	103012	103012	103012	103012	17964	17965	0	0	1	5	5	80	100	80	100	15	20	15	20	306000	20	25	1	5	0	214	1	15068	20	8	1	15070	20	8	1	15072	40	8	1	15074	40	8	1	15076	60	5	1	15079	60	5	1	15080	80	5	1	15081	80	5	1	12497	100	8	1	12499	100	8	1				-1	806343	100															214	0
虫洞	 地下	层	912	0	1	1	86400	0	59503	202	264	204	266	0	59714	33	144	33	144	1	1	7639	100	0	0	0	0	0	0	103012	103012	103012	103012	13272	13273	0	0	1	5	8	50	70	50	70	5	10	10	20	305100	30	35	1	3	10	215	1																																												-1	806344	100	806345	100	806369	100	804830	100										0
羽音洞窟	第	层	913	0	1	1	86400	0	59503	72	161	73	166	0						1	1	9555	100	0	0	0	0	0	0	103012	103012	103012	103012	17974	17975	0	0	1	3	3	60	80	60	80	15	20	15	20	306002	32	35	1	3	0	216	1	15011	20	10	1	15012	20	10	1	15013	20	10	2	15014	20	10	2	15015	15	10	3	15016	15	10	3	15017	15	5	4	15018	15	5	4	15019	10	5	5	15020	10	5	5				-1	806346	100	806347	100														0
贝勒森林-外城1阶		层	914	0	1	1	86400	0	59714	69	111	69	111	0	59717	91	172	91	172	1	1	3256	100	0	15827	15827	15827	15827	15827	103012	103012	103012	103012	12000	12002	0	0	1	3	3	80	100	80	100	20	40	20	40	305110	60	75	2	3	4	214	0																																												-1	806348	100	806349	100														0
贝勒森林　火之领域		阶	915	0	1	1	86400	0	59717	140	71	140	71	0	59717	213	51	213	51	1	1	9618	100	0	0	0	0	0	0	103012	103012	103012	103012	17982	17983	0	0	1	4	5	50	80	50	80	20	40	20	40	305130	67	77	2	3	8	215	1																																												-1	805001	100	805002	100														8
贝勒森林　水之领域		阶	916	0	1	1	86400	0	59717	147	86	147	86	0	59717	242	74	242	74	1	1	9491	100	0	0	0	0	0	0	103012	103012	103012	103012	17966	17967	0	0	1	4	5	60	90	50	90	20	30	20	30	305135	67	77	2	3	10	215	0																																												-1	805003	100	805004	100														2
贝勒森林　土之领域		阶	917	0	1	1	86400	0	59717	183	21	183	21	0	59717	255	93	255	93	1	1	9523	100	0	0	0	0	0	0	103012	103012	103012	103012	17970	17971	0	0	1	4	5	80	100	80	100	30	50	30	50	305125	77	87	2	3	14	215	1																																												-1	805005	100	805006	100														4
贝勒森林　本城	地下	层	918	0	1	1	86400	0	59717	199	108	199	108	0	59717	249	292	249	292	1	1	9344	100	0	0	0	0	0	0	103012	103012	103012	103012	17962	17963	0	0	1	3	8	70	90	60	90	20	30	20	30	305115	67	77	2	0	10	215	1																																												-1	804998	100	804999	100													2	5
贝勒森林　本城	地下	层	919	0	1	1	86400	0	59717	262	320	262	320	0	59717	324	179	324	179	1	1	9344	100	0	0	0	0	0	0	103012	103012	103012	103012	17962	17963	0	0	1	5	6	50	60	50	60	15	30	15	30	305120	77	87	2	0	20	215	1																																												-1	805000	100															2	5
秦历功瘤狼 官冰沥盔	第	瘤措	922	0	1	1	86400	0	59714	122	69	122	69	0	59714	142	69	142	69	1	1	9491	100	0	0	0	0	0	0	103012	103012	103012	103012	17966	17967	0	0	1	4	5	60	90	50	90	20	30	20	30	305180	25	30	2	3	10	215	0																																												-1	806401	100	806459	100	806460	100	806461	100	806462	100	806474	100	806475	100				2
荤去脚狼 康开	地下	层	923	0	1	1	86400	0	59716	166	141	166	141	0	59716	67	184	67	184	1	1	9555	100	0	0	0	0	0	0	103012	103012	103012	103012	17974	17975	0	0	1	5	7	40	80	40	80	10	20	10	20	305202	25	30	1	3	8	214	0					15012	10	5	1	15013	10	5	1	15014	10	5	1	15015	10	5	1	15016	10	5	1	15017	10	5	1	15018	10	5	1	15019	10	5	1	15020	10	5	1				-1																	214	6
深草绿洞	第	层	924	0	1	1	86400	0	59715	315	213	315	213	0	59715	119	86	119	86	1	1	9482	100	0	0	0	0	0	0	103012	103012	103012	103012	17964	17965	0	0	1	5	5	80	100	80	100	20	30	20	30	305220	45	50	1	3	0	214	1	15068	20	8	1	15070	20	8	1	15072	40	8	1	15074	40	8	1	12478	20	5	1	12480	20	5	1	12482	40	8	1	12484	40	8	1	12497	100	10	1	12499	100	10	1				-1	804848	100	804849	100													214	0
怨灵赤窟	第	层	925	0	1	1	86400	0	59715	123	104	123	104	0						1	1	9618	100	0	0	0	0	0	0	103012	103012	103012	103012	17982	17983	0	0	1	8	8	80	100	80	100	20	30	20	30	305221	50	65	2	3	0	214	1																																												-1	804852	100	804853	100	804854	100											214	0
白之练兵场(红)	第	层	936	0	1	1	86400	0	59750	52	159	52	159	0	59750	158	187	158	187	1	1	8177	100	0	0	0	0	0	0	103012	103012	103012	103012	17956	17957	0	0	1	5	5	70	90	70	90	20	30	20	30	306300	60	65	1	3	0	214	1																																												-1	804778	100	804779	100													214	0
白之练兵场(蓝)	第	层	937	0	1	1	86400	0	59750	52	162	52	162	0	59750	158	190	158	190	1	1	8177	100	0	0	0	0	0	0	103012	103012	103012	103012	17956	17957	0	0	1	5	5	70	90	70	90	20	30	20	30	306301	60	65	1	3	0	214	1																																												-1	804780	100	804781	100													214	0
白之练兵场(黄)	第	层	938	0	1	1	86400	0	59750	55	164	55	164	0	59750	156	190	156	190	1	1	8177	100	0	0	0	0	0	0	103012	103012	103012	103012	17956	17957	0	0	1	5	5	70	90	70	90	20	30	20	30	306302	60	65	1	3	0	214	1																																												-1	804782	100	804783	100													214	0
白之练兵场(灰)	第	层	939	0	1	1	86400	0	59750	59	164	59	164	0	59750	156	187	156	187	1	1	8177	100	0	0	0	0	0	0	103012	103012	103012	103012	17956	17957	0	0	1	5	5	70	90	70	90	20	30	20	30	306303	60	65	1	3	0	214	1																																												-1	804784	100	804785	100													214	0
绝密实验场	第	层	940	0	1	1	86400	0	59750	130	77	130	77	0	59750	196	10	196	10	1	1	3256	100	0	15827	15827	15827	15827	15827	103012	103012	103012	103012	12000	12002	0	0	1	3	3	60	70	60	70	10	20	10	20	306304	84	89	1	3	0	214	0																																												-1																	214	0
绝密实验场	第	层	941	0	1	1	86400	0	59750	162	109	162	109	0	59750	230	44	230	44	1	1	3256	100	0	15827	15827	15827	15827	15827	103012	103012	103012	103012	12000	12002	0	0	1	3	3	60	70	60	70	10	20	10	20	306304	84	89	1	3	0	214	0																																												-1																	214	0
绝密实验场	第	层	942	0	1	1	86400	0	59750	208	305	208	305	0	59750	265	79	265	79	1	1	3256	100	0	15827	15827	15827	15827	15827	103012	103012	103012	103012	12000	12002	0	0	1	3	3	60	70	60	70	10	20	10	20	306304	84	89	1	3	0	214	0																																												-1																	214	0
绝密实验场	第	层	943	0	1	1	86400	0	59750	241	338	241	338	0	59750	300	114	300	114	1	1	3256	100	0	15827	15827	15827	15827	15827	103012	103012	103012	103012	12000	12002	0	0	1	3	3	60	70	60	70	10	20	10	20	306304	84	89	1	3	0	214	0																																												-1																	214	0
贝力斯遗迹	地下	层	944	0	1	1	86400	0	32531	9	3	9	3	0	32532	44	28	44	28	1	0	9482	100	0	0	0	0	0	0	103012	103012	103012	103012	17965	17964	0	0	1	14	15	30	40	90	100	20	30	25	30	370014	35	39	1	3	5	214	1	15068	20	8	1	15070	20	8	1	15072	40	8	1	15074	40	8	1	15076	60	8	1	15079	60	8	1	15080	80	8	1	15081	80	8	1	12497	100	5	1	12499	100	5	1				-1																	214	12
里欧波多洞窟	地下	层	16	0	1	1	86400	0	32511	31	23	31	23	0	32531	10	19	17	25	1	1	7623	100	0	0	0	0	0	0	103012	103012	103012	103012	17974	17975	0	0	1	1	8	40	80	40	80	10	20	10	20	370016	21	23	1	3	5	214	0	15100	100	10	10	15101	100	10	10	15102	100	10	10	15292	100	10	10	15293	100	10	10	12197	100	10	10	12198	100	10	10	12199	100	10	10	12488	100	10	10	12489	100	10	10																					214	6
四转之路	第	层	945	0	1	1	86400	0	25002	53	44	53	44	0	938	6	14	6	14	1	1	9344	100	0	0	0	0	0	0	103012	103012	103012	103012	17982	17983	0	0	1	15	15	70	80	70	80	20	30	20	30	100030	100	120	1	1	0	214	1																																												-1																	214	0
地下墓室通道	地下	层	946	0	1	1	86400	0	906	24	19	24	19	0	905	12	18	18	19	1	1	9609	100	0	0	0	0	0	0	103012	103012	17976	17977	17976	17977	0	0	1	15	15	40	80	40	80	15	20	15	20	200011	100	120	1	1	6	213	1																																										1		-1																	210	5
地下迷宫	地下	层	947	0	1	1	86400	0	3100	50	16	50	16	0	31287	15	27	15	27	1	0	1191	100	0	17065	17065	17065	17065	17065	103012	103012	103012	103012	12000	12002	0	0	1	15	15	60	80	60	80	10	20	10	20	200021	100	110	1	1	12	214	0																																												-1																	214	0
井底暗道	地下	层	948	0	1	1	14400	0	62002	8	4	8	4	0	62003	57	115	57	115	1	1	7623	100	0	0	0	0	0	0	0	17954	0	103012	17954	17955	0	0	1	15	15	40	50	40	50	15	20	15	20	200094	100	110	1	1	13	215	1	12219	100	10	1	12220	100	10	1	12221	100	10	1	12222	100	10	1	12223	100	10	1	12207	100	10	1	12208	100	10	1	12209	100	10	1	12210	100	10	1	12213	100	10	1				-1																	201	12
密道	地上	层	949	0	1	1	86400	0	62009	8	4	8	4	0	62010	6	23	6	23	1	0	8175	100	0	0	0	0	0	0	103012	103012	17957	17956	17956	17957	0	0	1	5	5	40	40	40	80	10	20	10	20	200102	100	110	1	4	16	215	0	11622	100	5	1	11623	100	5	1	11624	100	5	1	15000	100	1	1	15003	100	1	1	15005	100	1	1	15007	100	1	1	15009	100	1	1												-1																	202	12
躯干密道	地上	层	950	0	1	1	86400	0	62010	24	6	24	6	0	62011	2	14	2	14	1	0	8175	100	0	0	0	0	0	0	103012	103012	17957	17956	17956	17957	0	0	1	5	5	40	40	40	80	10	20	10	20	200104	100	110	1	4	16	215	0	11622	100	5	1	11623	100	5	1	11624	100	5	1	15000	100	1	1	15003	100	1	1	15005	100	1	1	15007	100	1	1	15009	100	1	1												-1																	202	12
树之心密道	地上	层	951	0	1	1	86400	0	62011	26	4	26	4	0	62012	8	21	8	21	1	0	8175	100	0	0	0	0	0	0	103012	103012	17957	17956	17956	17957	0	0	1	5	5	40	40	40	80	10	20	10	20	200106	100	110	1	4	16	215	0	11622	100	5	1	11623	100	5	1	11624	100	5	1	15000	100	1	1	15003	100	1	1	15005	100	1	1	15007	100	1	1	15009	100	1	1												-1																	202	12
龙之森林	第	空间	955	0	1	1	86400	0	62015	82	20	132	69	0	62019	13	19	13	19	1	0	9344	100	0	0	0	0	0	0	103012	103012	103012	103012	17962	17963	0	0	1	10	10	30	100	30	100	20	30	20	30	200110	150	160	1	3	32	215	0	10094	100	4	1	10090	100	4	1	10091	100	4	1	12458	100	62	1	12459	100	50	1	12463	100	3	1	12460	100	2	1	11627	100	1	1	12471	100	5	1	15064	50	1	1				-1	96286	100															220	5
龙之森林	第	空间	956	0	1	1	86400	0	62015	95	46	131	115	0	62020	13	19	13	19	1	0	9344	100	0	0	0	0	0	0	103012	103012	103012	103012	17962	17963	0	0	1	10	10	30	100	30	100	20	30	20	30	200110	150	160	1	3	32	215	0	10094	100	4	1	10090	100	4	1	10091	100	4	1	12458	100	62	1	12459	100	50	1	12463	100	3	1	12460	100	2	1	11627	100	1	1	12471	100	5	1	15064	50	1	1				-1	96286	100	96345	100													220	5
龙之森林	第	空间	957	0	1	1	86400	0	62015	11	91	42	132	0	62021	13	19	13	19	1	0	9344	100	0	0	0	0	0	0	103012	103012	103012	103012	17962	17963	0	0	1	10	10	30	100	30	100	20	30	20	30	200110	150	160	1	3	32	215	0	10094	100	4	1	10090	100	4	1	10091	100	4	1	12458	100	62	1	12459	100	50	1	12463	100	3	1	12460	100	2	1	11627	100	1	1	12471	100	5	1	15064	50	1	1				-1	96286	100															220	5
龙之森林	第	空间	958	0	1	1	86400	0	62015	14	45	99	81	0	62022	13	19	13	19	1	0	9344	100	0	0	0	0	0	0	103012	103012	103012	103012	17962	17963	0	0	1	10	10	30	100	30	100	20	30	20	30	200110	150	160	1	3	32	215	0	10094	100	4	1	10090	100	4	1	10091	100	4	1	12458	100	62	1	12459	100	50	1	12463	100	3	1	12460	100	2	1	11627	100	1	1	12471	100	5	1	15064	50	1	1				-1	96286	100															220	5
龙之森林	第	空间	959	0	1	1	86400	0	62015	97	32	129	130	0	62023	13	19	13	19	1	0	9344	100	0	0	0	0	0	0	103012	103012	103012	103012	17962	17963	0	0	1	10	10	30	100	30	100	20	30	20	30	200110	150	160	1	3	32	215	0	10094	100	4	1	10090	100	4	1	10091	100	4	1	12458	100	62	1	12459	100	50	1	12463	100	3	1	12460	100	2	1	11627	100	1	1	12471	100	5	1	15064	50	1	1				-1	96286	100	96348	100													220	5
艾莉的家	地下	层	960	0	1	1	86400	0	30121	10	13	10	13	0						1	1	9539	100	0	0	0	0	0	0	17981	17980	103012	103012	17972	17973	0	0	1	3	3	50	70	50	70	15	20	15	20	200125	105	115	1	3	0	215	1	15157	40	10	1	15158	40	10	1	15159	40	10	1	15160	40	10	1	15161	40	10	1	15162	40	10	1	15163	40	10	1	15164	40	10	1	15165	40	10	1	15166	40	10	1				-1																	210	12